[[4, 0, 0; 0, 0, -1; 0, -1, -2],[4, 1, 1],[-1, 1, 0; -2, 0, 2; 0, 0, -1],0,1]
[[-168, 16, 32; 16, -1, -3; 32, -3, -6],[8, 1, 1],[0, -1, 1; 2, -4, -2; -1, -4, 6],0,2]
[[-328, 32, 56; 32, -3, -6; 56, -6, -7],[8, 1, 1],[2, -3, -1; 15, -24, -7; 3, -4, -2],0,3]
[[-24, 8, 16; 8, -2, -5; 16, -5, -10],[8, 1, 1],[0, -1, 1; 2, -4, -1; -1, 0, 2],1,1]
[[-516, 36, 72; 36, -2, -5; 72, -5, -10],[12, 1, 1],[0, 1, -1; 2, -2, -3; -1, 8, -6],2,1]
[[2124, 0, -108; 0, -6, 3; -108, 3, 4],[36, 3, 1],[-1, 3, 1, -1; -10, 28, 9, -10; -18, 60, 18, -20],3,1]
[[-3096, -1440, 432; -1440, -669, 198; 432, 198, -49],[72, 3, 1],[-15, 17, 31, -5; 35, -40, -72, 12; 9, -12, -18, 4],3,2]
[[-9144, -1800, -1080; -1800, -354, -213; -1080, -213, -127],[72, 3, 1],[1, 3, -4, -5; -5, -8, 15, 16; 0, -12, 9, 16],3,3]
[[-15020, 360, 680; 360, -8, -17; 680, -17, -30],[20, 1, 1],[-3, 13, 2, -3; -50, 200, 32, -46; -40, 180, 27, -42],4,1]
[[-8360, 240, 360; 240, -6, -11; 360, -11, -15],[40, 1, 1],[-2, 9, 1, -1; -25, 100, 12, -11; -30, 140, 15, -16],4,2]
[[-34760, 200, 1560; 200, -1, -9; 1560, -9, -70],[40, 1, 1],[-2, -1, 1, 0; 0, -20, 2, 6; -45, -20, 22, -1],4,3]
[[-1660, 80, 100; 80, -2, -5; 100, -5, -6],[20, 1, 1],[-1, -2, 1, 1; -1, -5, 0, 2; -16, -30, 16, 15],5,1]
[[-1224, 360, -144; 360, -102, 39; -144, 39, -14],[72, 3, 1],[-1, 3, -1; -7, 20, -3; -9, 24, 0],6,1]
[[-308, 56, 28; 56, -10, -5; 28, -5, -2],[28, 1, 1],[0, -1, 0, 1; 1, -6, -1, 6; -3, 0, 2, -2],7,1]
[[-21252, 532, 1204; 532, -12, -33; 1204, -33, -62],[28, 1, 1],[-31, 3, 5, 1, -9; -602, 56, 98, 28, -172; -280, 28, 45, 7, -82],8,1]
[[-39928, 224, 1176; 224, -1, -7; 1176, -7, -34],[56, 1, 1],[3, 1, -1, -1, 1; 126, 28, -42, -35, 48; 77, 28, -26, -28, 24],8,2]
[[-655704, 94472, 11312; 94472, -13611, -1630; 11312, -1630, -195],[56, 1, 1],[48, -5, -7, 3, 29; 287, -28, -42, 14, 172; 385, -56, -55, 56, 244],8,3]
[[-95800, 1200, -10800; 1200, -10, 165; -10800, 165, -1042],[200, 5, 1],[-14, 15, 28, -3; -443, 476, 885, -96; 75, -80, -150, 16],9,1]
[[-33924, 748, 1012; 748, -14, -23; 1012, -23, -30],[44, 1, 1],[2, 3, -4, -2; 16, 22, -33, -15; 55, 84, -110, -56],10,1]
[[-2348148, 9768, 70268; 9768, -40, -293; 70268, -293, -2102],[44, 1, 1],[-63, -157, -16, -33, -91, 3, 9, 5; -1826, -4796, -500, -1040, -2882, 88, 286, 184; -1848, -4576, -465, -958, -2640, 88, 261, 142],11,1]
[[-238040, 528, 4840; 528, -1, -11; 4840, -11, -98],[88, 1, 1],[5, 1, -1, -3, -5, -1, 1, 3; 330, 44, -66, -160, -198, 220, 78, 208; 209, 44, -42, -132, -231, -88, 40, 124],11,2]
[[-1848, -1848, 968; -1848, -1826, 945; 968, 945, -483],[88, 1, 1],[-105, -21, 11, 77, 149, 109, -9, -61; 209, 44, -22, -160, -319, -264, 17, 120; 198, 44, -21, -160, -330, -308, 15, 112],11,3]
[[-14425996, 261508, 523016; 261508, -4740, -9481; 523016, -9481, -18962],[52, 1, 1],[-1159, -2351, -258, -31, 41, 115, 0, -55; -130, -312, -38, -10, -26, 0, 2, -2; -31902, -64688, -7097, -850, 1144, 3172, -1, -1516],12,1]
[[5304, 104, 2080; 104, -9, -65; 2080, -65, -198],[104, 1, 1],[-412, -1893, -225, -26, -56, 21, 9, -10; -19344, -88868, -10562, -1220, -2626, 988, 422, -470; 2015, 9256, 1100, 127, 273, -104, -44, 49],12,2]
[[-2600, -2600, 1352; -2600, -2574, 1325; 1352, 1325, -675],[104, 1, 1],[-150, -25, 13, 2, -461, -2419, -154, -49; 299, 52, -26, -5, 897, 4732, 302, 97; 286, 52, -25, -6, 832, 4420, 283, 92],12,3]
[[-572, -260, 52; -260, -118, 25; 52, 25, 6],[52, 1, 1],[17, 7, -6, -13, -6, 19; -36, -15, 13, 28, 13, -39; 0, 2, 0, -4, -3, -13],13,1]
[[-25256, 392, 672; 392, -6, -11; 672, -11, -14],[56, 1, 1],[-2, 11, 1, -1; -105, 560, 52, -51; -14, 84, 7, -8],14,1]
[[-324180, -9360, 3600; -9360, -66, 69; 3600, 69, -34],[180, 3, 1],[-5, 9, 3, -4; -138, 250, 83, -111; -810, 1460, 486, -649],15,1]
[[-22020, 360, 240; 360, -4, -5; 240, -5, -2],[60, 1, 1],[-1, -1, 3, 1, 1; -28, -30, 80, 28, 30; -50, -48, 150, 49, 45],16,1]
[[9960, 3240, -120; 3240, 1054, -39; -120, -39, 1],[120, 1, 1],[9, -1, -13, 0, 29; -28, 3, 40, 0, -90; -8, 0, 0, -1, -30],16,2]
[[-126840, -3360, 600; -3360, -89, 16; 600, 16, -1],[120, 1, 1],[-3, -2, 7, 3, 2; 112, 75, -260, -112, -75; -8, -3, 20, 6, 0],16,3]
[[-18654660, 443520, 38700; 443520, -10542, -921; 38700, -921, -80],[180, 3, 1],[-53, 3, 13, 2, -10, -21; -1750, 100, 429, 65, -331, -694; -5490, 300, 1350, 220, -1026, -2168],17,1]
[[-116280, -4680, -5040; -4680, -186, -201; -5040, -201, -217],[360, 3, 1],[-2, -1, 1, 1, 0, -1; -145, -40, 72, 50, -10, -88; 180, 60, -90, -70, 9, 104],17,2]
[[-1572120, -310680, 109800; -310680, -61395, 21696; 109800, 21696, -7663],[360, 3, 1],[-219, 43, 44, -14, -113, -195; 1315, -260, -264, 85, 680, 1172; 585, -120, -117, 40, 306, 524],17,3]
[[-27060, 300, 540; 300, -2, -7; 540, -7, -10],[60, 1, 1],[1, -1, -2, 1; 27, -26, -55, 24; 35, -36, -70, 36],18,1]
[[-53788, 1156, 2652; 1156, -24, -59; 2652, -59, -126],[68, 1, 1],[-7, 75, 17, 132, 17, 4, -5; -170, 1768, 402, 3128, 404, 96, -118; -68, 748, 169, 1309, 168, 39, -50],19,1]
[[-2045576, 8160, 11424; 8160, -30, -47; 11424, -47, -63],[136, 1, 1],[-4, 59, 7, 56, 15, 2, -2; -289, 4216, 501, 4012, 1076, 144, -143; -510, 7548, 895, 7157, 1916, 255, -256],19,2]
[[-62696, -15640, 952; -15640, -3901, 237; 952, 237, -14],[136, 1, 1],[-40, -175, -21, -87, 1, 7, -1; 170, 748, 90, 374, -4, -30, 4; 153, 748, 94, 408, 0, -32, -1],19,3]
[[-26372, -18468, 1672; -18468, -12930, 1171; 1672, 1171, -106],[76, 1, 1],[-4, 7, 139, 25, 7, -6; 2, -2, -57, -11, -4, 0; -41, 88, 1558, 272, 66, -95],20,1]
[[-25788, 588, 252; 588, -10, -7; 252, -7, -2],[84, 1, 1],[-1, -1, 1, 2; -20, -21, 20, 42; -56, -54, 55, 105],21,1]
[[-16363116, 948024, 53676; 948024, -54906, -3111; 53676, -3111, -176],[252, 3, 1],[-333, -899, -403, -259, -49, -115, 3, 19, 3, -15; -3010, -8120, -3639, -2338, -442, -1036, 28, 171, 26, -136; -48342, -130620, -58572, -37656, -7130, -16758, 420, 2772, 456, -2170],22,1]
[[-8168328, -56448, -59472; -56448, -390, -411; -59472, -411, -433],[504, 3, 1],[-4, -27, -13, -9, -1, -3, -1, 1, 1, 0; -133, -448, -156, -68, 1, 35, 56, -12, -44, -15; 672, 4116, 1926, 1296, 136, 378, 84, -126, -96, 14],22,2]
[[-22810536, 3272976, -990864; 3272976, -469623, 142176; -990864, 142176, -43039],[504, 3, 1],[-2617, -13491, -2972, -3747, -338, -729, 107, 104, -77, -140; -15715, -81004, -17844, -22496, -2029, -4375, 644, 624, -464, -841; 8337, 43008, 9477, 11952, 1079, 2331, -336, -333, 240, 445],22,3]
[[-278796, 2436, 2856; 2436, -20, -27; 2856, -27, -26],[84, 1, 1],[-3, -3, 4, 13, 3; -198, -196, 264, 854, 196; -124, -126, 165, 539, 125],23,1]
[[-1129128, -560616, 11088; -560616, -278347, 5504; 11088, 5504, -107],[168, 1, 1],[74, 151, -197, -645, -75; -151, -308, 402, 1316, 153; -99, -196, 264, 854, 98],23,2]
[[-514248, 3024, 1848; 3024, -17, -12; 1848, -12, -5],[168, 1, 1],[1, 15, 1, -1, -1; 119, 1792, 120, -119, -120; 83, 1232, 81, -84, -82],23,3]
[[1925028, -70560, 2520; -70560, 2586, -93; 2520, -93, 2],[252, 3, 1],[-5, -47, 0, 17, 6; -134, -1260, 0, 456, 161; 72, 630, -1, -216, -70],24,1]
[[-19976, -9240, -880; -9240, -4274, -407; -880, -407, -38],[88, 1, 1],[-25, 61, 5, -107, -589, -17; 55, -132, -11, 231, 1276, 37; -11, 0, 2, 0, -44, -3],25,1]
[[-182068, 2024, 4048; 2024, -22, -45; 4048, -45, -90],[92, 1, 1],[0, -1, 2, 30, 31, 3; 2, -2, -5, -38, -34, -1; -1, -44, 92, 1363, 1406, 135],26,1]
[[-255855288, 3601312, -238784; 3601312, -50690, 3357; -238784, 3357, -194],[104, 1, 1],[-1062, 343, 161, -168, -795; -76154, 24596, 11545, -12047, -57008; -10621, 3432, 1610, -1681, -7952],27,1]
[[-42108, 1508, 812; 1508, -54, -29; 812, -29, -14],[116, 1, 1],[2, 133, 31, 16, 3, 12, -1, -1; 56, 3770, 880, 455, 86, 348, -28, -29; -1, -145, -36, -20, -5, -29, 0, 2],28,1]
[[-1348200, 21600, -55800; 21600, -330, 915; -55800, 915, -2282],[1800, 15, 1],[-15, -131, -23, -14, 15, 28; -317, -2756, -483, -293, 316, 585; 240, 2100, 369, 225, -240, -450],29,1]
[[-221160, 960, 1800; 960, -2, -9; 1800, -9, -14],[120, 1, 1],[1, -1, -2, 1; 52, -51, -105, 48; 95, -96, -190, 96],30,1]
[[-1983564, -559152, 9108; -559152, -157602, 2559; 9108, 2559, -38],[396, 3, 1],[-322, -278, -3, 97, 3, -72; 1185, 1023, 11, -357, -11, 265; 2619, 2255, 21, -792, -22, 588],31,1]
[[-292380, 1584, 1848; 1584, -8, -11; 1848, -11, -10],[132, 1, 1],[-1, -1, 4, 3, 20, 1; -110, -108, 440, 328, 2178, 108; -64, -66, 253, 192, 1287, 65],32,1]
[[-1159752, -577368, 7128; -577368, -287435, 3548; 7128, 3548, -43],[264, 1, 1],[37, 77, -293, -223, -749, -38; -75, -156, 594, 452, 1518, 77; -55, -108, 440, 328, 1089, 54],32,2]
[[-24359016, 35904, 78936; 35904, -49, -119; 78936, -119, -254],[264, 1, 1],[4, 35, 29, 9, -7, -5; 640, 5592, 4631, 1436, -1122, -798; 943, 8256, 6842, 2124, -1650, -1180],32,3]
[[-6574916700, 52718688, 1769328; 52718688, -422706, -14187; 1769328, -14187, -476],[396, 3, 1],[-311, 3, 31, 5, -41, -3505, -209, -789, -553, -106, -55, -84, -3095, -141; -36388, 352, 3627, 584, -4801, -410322, -24466, -92356, -64724, -12405, -6436, -9829, -362142, -16498; -71478, 660, 7128, 1180, -9306, -798732, -47662, -180114, -126456, -24282, -12616, -19284, -710820, -32390],33,1]
[[-2375208, -49104, -50688; -49104, -1014, -1047; -50688, -1047, -1081],[792, 3, 1],[-5, -1, 1, 1, 1, 83, 2, 5, 1, -1, -1, -1, -83, -2; -781, -88, 156, 104, 53, 792, -21, -319, -1012, -306, -204, -178, -13992, -329; 990, 132, -198, -148, -99, -4752, -76, 66, 924, 342, 244, 219, 17424, 412],33,2]
[[-35211528, 6384312, -1161864; 6384312, -1157559, 210660; -1161864, 210660, -38335],[792, 3, 1],[1076, -95, -98, 71, 673, 46759, 1336, 4732, 5903, 494, 457, 647, 22937, 512; 6457, -572, -588, 428, 4046, 281028, 8029, 28435, 35464, 2967, 2744, 3884, 137676, 3073; 2871, -264, -261, 200, 1836, 127116, 3629, 12837, 15972, 1332, 1228, 1734, 61380, 1369],33,3]
[[-16236, 1584, 0; 1584, -150, -3; 0, -3, 2],[396, 3, 1],[1, 13, 0, -5, -19, -2; 10, 132, 0, -52, -198, -21; 18, 198, -1, -78, -286, -27],34,1]
[[-171224, -40800, -4352; -40800, -9722, -1037; -4352, -1037, -110],[136, 1, 1],[-32, 81, 4, -41, -376, -1713, -76, -55; 136, -340, -17, 172, 1581, 7208, 320, 232; -17, 0, 2, 0, -34, -204, -11, -12],35,1]
[[-246820, 3080, -3360; 3080, -38, 39; -3360, 39, -26],[140, 1, 1],[-3, 7, 2, -3, -37; -286, 670, 191, -287, -3535; -42, 100, 28, -43, -525],36,1]
[[2380, 140, -140; 140, -4, -3; -140, -3, 6],[140, 1, 1],[23, 29, 7, 0, -2, -3, -1, 1, 1, 9; 240, 294, 68, -2, -28, -40, -14, 12, 12, 98; 610, 756, 178, -3, -63, -90, -28, 30, 29, 245],37,1]
[[-133560, 560, 840; 560, -2, -5; 840, -5, 1],[280, 1, 1],[-39, -29, -17, -1, -3, -1, 1, 1, 0, -11; -6900, -5131, -3008, -177, -532, -180, 175, 176, 0, -1946; -1720, -1274, -744, -43, -126, -40, 42, 40, -1, -490],37,2]
[[264040, -2240, -840; -2240, 19, 7; -840, 7, -2],[280, 1, 1],[119, 86, 49, 5, 3, 1, -2, -1, 1, 18; 14120, 10206, 5816, 594, 357, 120, -238, -120, 118, 2135; -840, -595, -332, -30, -14, 0, 7, -4, -12, -133],37,3]
[[-691460, 2240, 3640; 2240, -6, -13; 3640, -13, -18],[140, 1, 1],[1, -1, -2, 2, 15; 115, -114, -231, 225, 1708; 119, -120, -238, 240, 1792],38,1]
[[-1205512, 6080, 8968; 6080, -30, -47; 8968, -47, -62],[152, 1, 1],[346, 619, 2, -2, -4, 65, 7, 74; 44175, 79040, 256, -255, -513, 8284, 893, 9447; 16530, 29564, 95, -96, -190, 3116, 335, 3536],39,1]
[[-235092, 2496, 4836; 2496, -26, -53; 4836, -53, -94],[156, 1, 1],[-3, -3, 4, 2; -178, -182, 237, 120; -54, -52, 72, 35],40,1]
[[-2834520, 5616, 5928; 5616, -10, -13; 5928, -13, -11],[312, 1, 1],[1, 9, 7, 9, 71, 2, 4, -1, -1, 7; 258, 2327, 1812, 2332, 18408, 519, 1040, -258, -260, 1794; 233, 2093, 1626, 2088, 16458, 463, 923, -234, -232, 1638],41,1]
[[-3004872, 12168, 6240; 12168, -49, -26; 6240, -26, -11],[312, 1, 1],[2, 31, 11, 13, 97, 5, 4, -1, -1, 10; 414, 6422, 2280, 2696, 20124, 1038, 832, -207, -208, 2067; 155, 2392, 846, 996, 7410, 380, 299, -78, -76, 780],41,2]
[[-50843832, -1271088, 49920; -1271088, -31777, 1248; 49920, 1248, -49],[312, 1, 1],[7, 49, 8, 17, 58, 5, 3, -2, -1, 20; -274, -1924, -315, -672, -2301, -200, -130, 78, 40, -780; 152, 910, 126, 200, 468, -2, -260, -51, 0, 507],41,3]
[[341328, 169728, -624; 169728, 84398, -310; -624, -310, 1],[624, 2, 1],[201, 333, 65, -1, -77, 0, 205, 34, 135, 1345; -408, -676, -132, 2, 156, 0, -416, -69, -274, -2730; -1016, -1690, -336, 0, 312, -1, -1040, -171, -680, -6786],41,4]
[[-7951632, 7488, 18096; 7488, -2, -18; 18096, -18, -41],[624, 2, 1],[-1, -3, 1, 3, 167, 4, 71, 7, 2, 7; -76, -234, 72, 229, 12792, 307, 5460, 540, 155, 546; -408, -1222, 408, 1222, 68016, 1629, 28912, 2850, 814, 2847],41,5]
[[-501072, 1872, 2496; 1872, -2, -12; 2496, -12, -11],[624, 2, 1],[-1, -1, 1, 2, 107, 5, 43, 2, 1, 5; -76, -78, 72, 151, 8112, 380, 3276, 153, 77, 390; -144, -143, 144, 286, 15288, 714, 6136, 285, 142, 702],41,6]
[[243984, -1872, 1872; -1872, 14, -12; 1872, -12, -1],[624, 2, 1],[7, 4, -1, -1, 1, 1, 23, 5, 7, 29; 1072, 611, -156, -154, 156, 154, 3536, 768, 1074, 4446; 160, 91, -24, -24, 0, 22, 520, 114, 160, 663],41,7]
[[-805428, 2808, 4212; 2808, -6, -15; 4212, -15, -22],[468, 3, 1],[-9, -14, -5, 0, 1, 1, -1, -1; -128, -195, -66, 1, 16, 13, -18, -15; -1644, -2561, -918, -1, 180, 182, -180, -182],42,1]
[[-1218168, -337176, -519624; -337176, -91686, -159513; -519624, -159513, -71678],[504, 3, 1],[42396, -28393, -12611, 13671, 131419; -131908, 88340, 39237, -42535, -408888; -13797, 9240, 4104, -4449, -42768],43,1]
[[-20664, 3024, 0; 3024, -438, -3; 0, -3, 2],[504, 3, 1],[7, 1, -4, -13, -31, 0; 48, 7, -27, -88, -210, 0; 72, 14, -36, -128, -315, -1],44,1]
[[-85866660, -89964, 332928; -89964, -66, 333; 332928, 333, -1282],[612, 3, 1],[17, -63, -21, -215, -8, 7; 2892, -10710, -3571, -36567, -1361, 1190; 5166, -19142, -6381, -65331, -2431, 2127],45,1]
[[-1142196, 4488, 4080; 4488, -16, -17; 4080, -17, -14],[204, 1, 1],[13, 37, 191, 7, 7, 5, -1, -1, 13, 2, 11, 46; 1308, 3726, 19244, 706, 708, 510, -100, -102, 1292, 200, 1104, 4624; 2194, 6240, 32198, 1179, 1176, 833, -170, -168, 2210, 339, 1860, 7769],46,1]
[[-2521848, 8568, 4488; 8568, -26, -17; 4488, -17, -7],[408, 1, 1],[17, 25, 263, 5, 11, 5, -1, -1, 9, 1, 13, 29; 2592, 3813, 40120, 763, 1680, 765, -152, -153, 1360, 152, 1980, 4420; 4592, 6750, 70992, 1349, 2964, 1343, -272, -270, 2448, 271, 3516, 7837],46,2]
[[-6404376, 3014712, 21624; 3014712, -1419106, -10179; 21624, -10179, -73],[408, 1, 1],[201, 283, 2903, 105, 101, 63, -17, -7, 225, 33, 175, 719; 428, 603, 6188, 224, 216, 136, -36, -15, 476, 70, 372, 1530; -144, -258, -2992, -134, -204, -306, -16, 18, 272, 14, -36, -374],46,3]
[[-13414020, 36108, 52020; 36108, -94, -145; 52020, -145, -194],[204, 1, 1],[6, 33, 235, 7, -7, -14; 1157, 6366, 45339, 1351, -1350, -2703; 744, 4090, 29121, 867, -868, -1734],47,1]
[[-1472020, -81400, 9240; -81400, -4494, 511; 9240, 511, -58],[220, 1, 1],[3, 33, 57, 27, 17, 17, -2, -2; -2, -30, -55, -27, -18, -20, 0, 2; 460, 4990, 8591, 4061, 2548, 2530, -319, -301],48,1]
[[-604340, 110220, 5280; 110220, -20102, -963; 5280, -963, -46],[220, 1, 1],[21, 11, 9, -27, -7, -7, 1, 203; 114, 60, 50, -132, -37, -38, 5, 1100; 23, 6, -15, -352, -30, -8, 10, 264],49,1]
[[-9620460, 18468, 25992; 18468, -30, -51; 25992, -51, -70],[684, 3, 1],[-1, -2, 2, 16, 101, 1; -65, -133, 129, 1046, 6612, 66; -324, -646, 648, 5175, 32661, 323],50,1]
[[-833340, -411084, 2736; -411084, -202786, 1349; 2736, 1349, -8],[228, 1, 1],[-1967, -609, -4619, -138, -165, -877, 28, 55, -644, -139, -1497, -20175; 4005, 1240, 9405, 281, 336, 1786, -57, -112, 1311, 283, 3048, 41078; 2598, 808, 6156, 186, 226, 1216, -36, -76, 798, 180, 1970, 26600],51,1]
[[-1477896, -246696, 4560; -246696, -41179, 761; 4560, 761, -14],[456, 1, 1],[29, 1, -26, -3, -7, -97, -1, 7, 64, 5, 19, 401; -174, -4, 171, 19, 44, 608, 6, -44, -399, -31, -116, -2432; -42, 100, 798, 55, 111, 1444, 0, -112, -855, -58, -129, -1900],51,2]
[[-508748712, -3325152, 93024; -3325152, -21733, 608; 93024, 608, -17],[456, 1, 1],[50, 29, 205, 5, 2, 13, -1, -1, 61, 9, 40, 1051; -7650, -4436, -31350, -764, -305, -1976, 153, 152, -9348, -1378, -6121, -160816; -21, 24, 456, 34, 35, 456, 0, -36, -570, -40, -53, -912],51,3]
[[-527020, 3120, 4680; 3120, -18, -29; 4680, -29, -38],[260, 1, 1],[-1, -2, 7, 4, 26, 67, 43, 1; -109, -221, 760, 436, 2839, 7319, 4700, 110; -40, -78, 280, 159, 1030, 2652, 1700, 39],52,1]
[[-114840, 24552, 9504; 24552, -5190, -2181; 9504, -2181, -410],[792, 3, 1],[-1874, -8407, -1619, -1581, -991, -84, 575, 17, -377, -1145; -7601, -34100, -6567, -6413, -4020, -341, 2332, 69, -1529, -4644; -3003, -13464, -2592, -2530, -1584, -132, 924, 27, -605, -1836],53,1]
[[-16860888, 101376, -15048; 101376, -606, 87; -15048, 87, -10],[792, 3, 1],[4, -1, -19, -8, -3, 1; 783, -196, -3720, -1566, -587, 196; 792, -201, -3780, -1589, -594, 200],54,1]
[[-5244, 276, 0; 276, -2, -5; 0, -5, 2],[276, 1, 1],[1, 5, 0, -7, -1, -1; 18, 92, 0, -138, -20, -23; 48, 230, -1, -345, -48, -46],55,1]
[[3640, 1400, 0; 1400, 538, 1; 0, 1, -2],[280, 1, 1],[-2, 8, 5, 65, 2, -8, -5, -65; 5, -21, -13, -168, -5, 21, 13, 168; 0, -14, -8, -112, -5, 7, 5, 56],56,1]
[[-19740028, 77308, -33264; 77308, -302, 127; -33264, 127, -42],[308, 1, 1],[11, -29, -41, -137, -912, -5, 4; 3122, -8228, -11634, -38876, -258797, -1419, 1135; 728, -1914, -2709, -9056, -60291, -331, 264],57,1]
[[-15718248, -2834208, -2395224; -2834208, -485598, -457431; -2395224, -457431, -339362],[936, 3, 1],[-26015, 222369, 91435, 195783, 443503, 13008, -13102; 78325, -669500, -275289, -589456, -1335282, -39164, 39447; 78039, -667056, -274284, -587304, -1330407, -39021, 39303],58,1]
[[47940, 19040, -340; 19040, 7562, -135; -340, -135, 2],[340, 1, 1],[2197, 215, 83, 0, -27, -2, 47, 49, 247, 330, 17979, 2642; -5559, -544, -210, 0, 68, 5, -119, -124, -625, -835, -45492, -6685; -1666, -164, -65, -1, 0, 0, -34, -36, -185, -249, -13600, -2000],59,1]
[[-27083796, 37932, 54288; 37932, -50, -79; 54288, -79, -106],[348, 1, 1],[125, 644, 135, 8, 7, -6, -3, 3; 35604, 183425, 38450, 2278, 1992, -1711, -854, 855; 37476, 193082, 40476, 2399, 2100, -1798, -900, 899],60,1]
[[-22161412, 108836, 217672; 108836, -534, -1069; 217672, -1069, -2138],[364, 1, 1],[0, -5, -62, -360, -767, -162, -13, -1, 9, 11; 2, -2, -105, -689, -1512, -326, -34, -21, -13, 0; -1, -508, -6258, -36296, -77308, -16325, -1306, -91, 923, 1120],61,1]
[[-2765820, 13020, 6324; 13020, -58, -31; 6324, -31, -14],[372, 1, 1],[2, -1, -1, 11, 2, 49, 49, 361; 184, -93, -92, 1023, 185, 4521, 4520, 33294; 495, -246, -248, 2697, 493, 12102, 12104, 89187],62,1]
[[-2676340, -703760, 14820; -703760, -185058, 3897; 14820, 3897, -82],[380, 1, 1],[-16, -30, -77, -301, -2329, -50, -3, 11, 4, -179; 61, 114, 292, 1140, 8816, 189, 11, -42, -15, 684; 7, -5, -42, -235, -2052, -57, -20, -8, 10, 152],63,1]
[[-15547656, 20808, 31824; 20808, -26, -45; 31824, -45, -62],[408, 1, 1],[272, 514, 115, 2, -2, -4, 5, 8; 93486, 176664, 39528, 688, -687, -1377, 1716, 2749; 71727, 135541, 30324, 527, -528, -1054, 1320, 2110],64,1]
[[-21420, -3780, 13860; -3780, -642, 2001; 13860, 2001, -1070],[1260, 3, 1],[-899, -1, 134, 348, 15, -1789, -783, -470, -1132, -127; 6420, 7, -957, -2485, -107, 12780, 5593, 3357, 8085, 907; 360, 0, -54, -140, -6, 720, 315, 189, 455, 51],65,1]
[[-5778780, -1930740, 30240; -1930740, -645076, 10103; 30240, 10103, -158],[420, 1, 1],[-159, 41, 37, -26, -302, -187, -1886, -631; 490, -126, -114, 80, 930, 576, 5810, 1944; 900, -210, -208, 139, 1665, 1040, 10535, 3534],66,1]
[[-24797640, 31920, 44520; 31920, -38, -59; 44520, -59, -79],[840, 1, 1],[4, -2, -1, 1, 19, 11, 107, 35; 875, -441, -219, 220, 4170, 2412, 23450, 7668; 1600, -798, -400, 399, 7590, 4396, 42770, 13992],66,2]
[[-32246760, 36960, 22680; 36960, -41, -28; 22680, -28, -13],[840, 1, 1],[8, 13, 1, -1, -1, 3, 32, 29; 4925, 8001, 615, -616, -615, 1848, 19705, 17856; 3345, 5439, 419, -418, -420, 1252, 13370, 12120],66,3]
[[-15952860, 39060, 3780; 39060, -48, -21; 3780, -21, 2],[1260, 3, 1],[325, 363, 27, 47, 31, 26, 2, 11, -1, -3, 0, 7, 32, 109, 43, 1249; 95262, 106400, 7914, 13776, 9086, 7620, 586, 3220, -294, -880, 0, 2052, 9380, 31950, 12604, 366100; 386316, 431490, 32095, 55872, 36855, 30915, 2379, 13090, -1188, -3570, -1, 8316, 38031, 129555, 51111, 1484630],67,1]
[[6749126720280, -24187683240, 83739600; -24187683240, 86684403, -300108; 83739600, -300108, 1039],[2520, 3, 1],[12529, 27543, 1983, 3181, 1805, 1141, 8, 1, -1, 297, 105, 995, 3067, 9299, 1732, 97439; 3497139, 7687900, 553502, 887892, 503818, 318480, 2233, 280, -279, 82900, 29308, 277728, 856072, 2595570, 483442, 27197520; 332955, 731940, 52696, 84528, 47964, 30330, 216, 280, 9, 7980, 2798, 26460, 81522, 247140, 46029, 2589440],67,2]
[[9024120, -22680, 0; -22680, 57, 0; 0, 0, 1],[2520, 3, 1],[-613, -1361, -50, -169, -53, -41, -5, -27, 1, 1, -1, -35, -66, -214, -165, -4733; -244659, -543200, -19956, -67452, -21154, -16365, -1996, -10780, 399, 400, -399, -13968, -26341, -85410, -65854, -1889020; -4221, -9360, -343, -1152, -357, -270, -30, -140, 9, 0, -8, -252, -462, -1485, -1140, -32620],67,3]
[[-3898860, 1115100, 10080; 1115100, -318926, -2883; 10080, -2883, -26],[420, 1, 1],[-19, 13, 121, 2, -101; -66, 45, 420, 7, -350; -48, 50, 336, -1, -350],68,1]
[[-713580, -355320, 420; -355320, -176926, 207; 420, 207, 2],[420, 1, 1],[191, 383, 97, -94, -189, 0; -384, -770, -195, 189, 380, 0; -366, -728, -180, 182, 360, -1],69,1]
[[-7158060, -2882880, 10080; -2882880, -1161066, 4059; 10080, 4059, -14],[1260, 3, 1],[-117, -187, -142, 2, 37, -2; 294, 470, 357, -5, -93, 5; 994, 1620, 1260, -10, -324, 9],70,1]
[[-133966140, 1288140, -32760; 1288140, -12386, 315; -32760, 315, -8],[420, 1, 1],[11, 10, 2, 11, -1, -1, 5, 3; 1146, 1043, 209, 1155, -104, -105, 518, 312; 72, 112, 38, 420, 0, -40, -84, -2],71,1]
[[-34131720, 52920, 26040; 52920, -79, -42; 26040, -42, -19],[840, 1, 1],[17, 17, 2, 16, -1, -1, 5, 2; 5700, 5698, 670, 5355, -336, -335, 1680, 671; 10692, 10696, 1259, 10080, -628, -630, 3136, 1257],71,2]
[[-434280, -43680, 2520; -43680, -4393, 253; 2520, 253, -14],[840, 1, 1],[-23, -6, 1, 61, 5, -1, -27, -5; 240, 63, -10, -630, -52, 10, 280, 52; 192, 56, -2, -420, -40, 0, 196, 39],71,3]
[[-2584117800, -1286540200, 1826000; -1286540200, -640522510, 909115; 1826000, 909115, -1282],[2200, 5, 1],[-1411, 15175, 282, -33161, -5621, -79828, -5060, -100647, -831639, -371402, -1599767, -96437, -430462, -4218; 2827, -30404, -565, 66440, 11262, 159940, 10138, 201652, 1666236, 744125, 3205224, 193217, 862455, 8451; -5005, 53680, 1000, -117304, -19885, -282425, -17903, -356125, -2942720, -1314200, -5660776, -341245, -1523225, -14927],72,1]
[[-3066708, 21312, 20868; 21312, -146, -145; 20868, -145, -142],[444, 1, 1],[37, 327, 1, -1, 5, 191, 20, 50; -40, -370, -3, 2, -2, -148, -18, -51; 5474, 48396, 150, -149, 736, 28194, 2955, 7394],73,1]
[[-305240, -121680, 2080; -121680, -48506, 829; 2080, 829, -14],[520, 1, 1],[17, 278, 607, 95, 1661, 41, 11, -5, -47, -11, -205, -6; -44, -715, -1560, -244, -4264, -105, -28, 13, 120, 28, 520, 15; -84, -1079, -2280, -347, -5928, -130, -24, 26, 120, 23, 312, -5],74,1]
[[-1188348, 1692, 3384; 1692, -2, -7; 3384, -7, 2],[564, 1, 1],[-29, -195, -2, -35, -1, -1, 1, 7, 0, -59, -7, -93; -14832, -99734, -1023, -17907, -512, -517, 510, 3572, 0, -30174, -3580, -47564; -2826, -18988, -194, -3384, -96, -94, 96, 658, -1, -5781, -684, -9071],75,1]
[[156860, -31620, -620; -31620, 6374, 125; -620, 125, 2],[620, 1, 1],[-18, -4546, -481, -8208, -7744, -99349, -2670, -249, -3731, -53, -69, 1, 25, 0; -89, -22475, -2378, -40579, -38285, -491164, -13200, -1231, -18445, -262, -341, 5, 124, 0; -17, -4185, -442, -7533, -7105, -91140, -2449, -228, -3410, -48, -62, 0, 0, -1],76,1]
[[-34021020, 23100, 36960; 23100, -14, -27; 36960, -27, -38],[660, 1, 1],[-2, -1, 1, 26, 1; -1221, -609, 610, 15840, 608; -1078, -540, 539, 14025, 540],77,1]
[[24993540, 79200, -77220; 79200, 246, -243; -77220, -243, 238],[1980, 3, 1],[5, 23, 29, 989, 63, 105, 8, 1, -1, -1, 1, 1, 5, 2; 804, 3630, 4552, 154770, 9848, 16379, 1235, 135, -187, -170, 165, 168, 836, 330; 2439, 11143, 14022, 477675, 30416, 50655, 3845, 459, -517, -498, 495, 496, 2475, 985],78,1]
[[248820, 0, -660; 0, 4, -1; -660, -1, 2],[660, 1, 1],[-21, -9, -17, -1, -29, -2, -1, 0, -1, -1, -5, -1, -81, -8, -9, -2; -2024, -870, -1650, -98, -2860, -198, -100, 0, -88, -90, -462, -94, -7700, -762, -860, -192; -7810, -3350, -6336, -374, -10890, -753, -380, -1, -374, -370, -1848, -370, -30030, -2967, -3340, -743],79,1]
[[3198360, 531960, -2640; 531960, 88477, -439; -2640, -439, 2],[1320, 1, 1],[1605, 514, 1543, 193, 21303, 1931, 1867, 161, 2641, 451, 580, 0, -73, -1, 63, 32; -9680, -3100, -9306, -1164, -128480, -11646, -11260, -971, -15928, -2720, -3498, 0, 440, 6, -380, -193; -6072, -1945, -5841, -731, -80740, -7320, -7080, -611, -10032, -1715, -2211, -1, 220, 0, -240, -121],79,2]
[[86152440, 195360, 0; 195360, 443, 0; 0, 0, -1],[1320, 1, 1],[107, 37, 119, 16, 1869, 86, 171, 31, 267, 48, 68, 1, 1, -1, -1, 3; -47212, -16325, -52503, -7059, -824560, -37941, -75440, -13676, -117788, -21175, -29997, -441, -440, 441, 440, -1324; -572, -185, -561, -71, -7920, -360, -700, -122, -1012, -175, -231, -1, 0, 0, -20, -22],79,3]
[[-7446780, 17820, 17820; 17820, -42, -45; 17820, -45, -34],[1980, 3, 1],[31, 967, 8, 23, 2, -1, -1, 23, 1, 13, 13, 67; 10178, 317460, 2626, 7548, 655, -330, -328, 7590, 329, 4272, 4270, 22000; 2760, 86130, 713, 2052, 180, -88, -90, 1980, 88, 1152, 1155, 5962],80,1]
[[-13682460, -6811200, 14520; -6811200, -3390650, 7227; 14520, 7227, -14],[660, 1, 1],[-2285, -2773, -326, -4723, 82, 163, -82; 4598, 5580, 656, 9504, -165, -328, 165; 3674, 4470, 527, 7656, -130, -264, 129],81,1]
[[-156619640, 493680, -116960; 493680, -1538, 349; -116960, 349, -66],[680, 1, 1],[-713, -181, -50, -3175, -309, -97, -87, 17, 7, -8, -4713, -619, -367, -899; -289380, -73461, -20293, -1288600, -125410, -39368, -35309, 6900, 2841, -3247, -1912840, -251230, -148952, -364871; -266700, -67703, -18702, -1187552, -115575, -36280, -32538, 6360, 2618, -2993, -1762968, -231545, -137280, -336277],82,1]
[[-11003460, -3664440, 15600; -3664440, -1220354, 5195; 15600, 5195, -22],[780, 1, 1],[39, 43, -38, -361, -1, 451; -118, -130, 115, 1092, 3, -1365; -210, -208, 210, 1872, -1, -2535],83,1]
[[-36481380, 30420, 42900; 30420, -22, -37; 42900, -37, -50],[780, 1, 1],[11, 31, 47, 43, 14, 19, 8, -2, -1, 1; 2710, 7631, 11565, 10578, 3443, 4670, 1963, -495, -246, 247; 7430, 20943, 31755, 29054, 9460, 12840, 5408, -1350, -676, 675],84,1]
[[-143865540, 159120, 10754640; 159120, -174, -12363; 10754640, -12363, -693998],[2340, 3, 1],[3027, 112363, 260, -259, -261, 1292, 691, 6225; 2125402, 78895440, 182558, -181857, -183260, 907179, 485185, 4370873; 9046, 335790, 777, -774, -780, 3861, 2065, 18603],85,1]
[[63140, -25420, -820; -25420, 10234, 329; -820, 329, -38],[820, 1, 1],[1125, 338, 495, 29, -412, -35, 2, 2573, 140, 243, 517, 6516, 3391, 70522, 2087, 5128, 81559, 2083; 2796, 840, 1230, 72, -1025, -87, 5, 6396, 348, 604, 1285, 16195, 8428, 175275, 5187, 12745, 202704, 5177; -80, -25, -41, -4, 0, 2, 0, -164, -9, -16, -35, -451, -236, -4920, -146, -360, -5740, -147],86,1]
[[-620760, -248640, 2520; -248640, -99590, 1009; 2520, 1009, -10],[840, 1, 1],[-265, -2, 13, 79, 25, -11, -13; 672, 5, -33, -200, -63, 28, 33; 1008, 0, -54, -280, -63, 52, 53],87,1]
[[-22538902680, -1942920, 19106640; -1942920, -138, 1629; 19106640, 1629, -16186],[2520, 3, 1],[-397, -78, 35, 16, -17, -214, -97, -208; -305694, -60060, 26952, 12320, -13091, -164787, -74692, -160163; -499401, -98119, 44028, 20127, -21385, -269199, -122020, -261651],88,1]
[[-263993988, 88065156, 275064; 88065156, -29377454, -91759; 275064, -91759, -286],[876, 1, 1],[4225, 79077, 2470, 1263, 330, -329, -661, 274, 49870; 12598, 235790, 7365, 3766, 984, -981, -1971, 817, 148701; 21556, 403398, 12597, 6438, 1679, -1680, -3358, 1400, 254478],89,1]
[[-3898356, 4620, 7392; 4620, -2, -9; 7392, -9, -14],[924, 1, 1],[1, 1, -1, -1, -17, -6, -41, -45, -55, -3, -5, 0; 36, 33, -42, -36, -594, -208, -1416, -1551, -1890, -102, -165, 1; 504, 506, -504, -506, -8613, -3041, -20784, -22814, -27888, -1522, -2541, -1],90,1]
[[-3694273044, 3152688, 6305376; 3152688, -2690, -5381; 6305376, -5381, -10762],[924, 1, 1],[19, 5, -17, -101, -9, 0; 0, -7, -24, -77, -2, 2; 11132, 2933, -9948, -59136, -5272, -1],91,1]
[[-3813780, 10200, 15300; 10200, -26, -43; 15300, -43, -58],[1020, 1, 1],[21, 39, 1, -1, -2, 2, 59, 505, 79, 273, 410, 22; 4080, 7582, 195, -194, -391, 387, 11450, 98022, 15335, 52996, 79594, 4272; 2510, 4658, 119, -120, -238, 240, 7060, 60418, 9451, 32658, 49045, 2631],92,1]
[[-16365070740, -63936660, 1970640; -63936660, -249794, 7699; 1970640, 7699, -226],[1020, 1, 1],[101, -583, -200, -252, -4651, 49; -25858, 149260, 51204, 64517, 1190748, -12545; -204, 1190, 405, 509, 9384, -100],93,1]
[[5460, -1092, -1092; -1092, 218, 209; -1092, 209, -2],[1092, 1, 1],[4, -9, -331, -58, -209, -4, 9, 331, 58, 209; 21, -47, -1729, -303, -1092, -21, 47, 1729, 303, 1092; 0, 2, 0, -6, -52, -21, -3, -91, -15, -52],94,1]
[[-156692172, 269724, -125580; 269724, -434, 177; -125580, 177, -50],[1092, 1, 1],[13, -29, -54, -290, -149, -1214, -1315, -1180, -163, -113, -6, 5; 11802, -26325, -49021, -263263, -135263, -1102077, -1193766, -1071213, -147973, -102583, -5447, 4539; 9128, -20358, -37912, -203606, -104612, -852345, -923258, -828477, -114443, -79339, -4213, 3510],95,1]
[[22003140, 6840, -30780; 6840, -2, -5; -30780, -5, 38],[1140, 1, 1],[13, 21, 3, 85, 2, 1, 1, -1, -2, 0, 29, 3, 9, 94; 13578, 21945, 3137, 88920, 2095, 1048, 1045, -1050, -2109, -5, 30096, 3125, 9392, 98135; 12300, 19874, 2840, 80484, 1895, 948, 950, -948, -1900, -2, 27360, 2835, 8512, 88920],96,1]
[[-15644220, 9120, 5700; 9120, -2, -7; 5700, -7, 2],[1140, 1, 1],[-1, -9, 0, 13, 1, 1, -1; -1098, -9880, 0, 14250, 1096, 1095, -1102; -990, -8930, -1, 12825, 988, 990, -988],97,1]
[[-57207108, 148992, 147828; 148992, -386, -385; 147828, -385, -382],[1164, 1, 1],[125, 3029, 100, 622, 21, 9, 85, -1, 1, 13, 1433, 107, 1609, 140, 359, 13301, 461, 344; -106, -2522, -81, -485, -15, -4, 0, 2, -3, -14, -1358, -99, -1455, -125, -316, -11640, -402, -297; 48470, 1174476, 38772, 241142, 8140, 3486, 32883, -389, 390, 5044, 555810, 41499, 624001, 54293, 139218, 5157975, 178769, 133395],98,1]
[[703560, -141240, -1320; -141240, 28354, 265; -1320, 265, 2],[1320, 1, 1],[-299, -641, 0, 53, 1, -42, -213, -683; -1488, -3190, 0, 264, 5, -209, -1060, -3399; -176, -385, -1, 0, 0, -22, -120, -396],99,1]
[[-579195660, 194669700, -401580; 194669700, -65428814, 134783; -401580, 134783, -178],[1380, 1, 1],[-19003, 10303, 4808, -5037, -612451, -45867, -61741; -56760, 30774, 14361, -15045, -1829328, -137000, -184414; -107070, 58052, 27090, -28381, -3450828, -258435, -347875],100,1]
[[-506940, -252756, 1428; -252756, -126022, 713; 1428, 713, 178],[1428, 1, 1],[179, 2679, 426, -197, -5155, -26252, -17403, -264002, -1215, -12743, -1462, -691, -1061, -1424, -357, -178; -359, -5372, -854, 396, 10346, 52683, 34924, 529788, 2438, 25568, 2933, 1386, 2128, 2856, 716, 357; 2, 0, -7, -30, -280, -1292, -836, -12495, -51, -476, -42, -12, -14, -17, -4, 0],101,1]
[[51517956, 8568, -52836; 8568, -2, -5; -52836, -5, 50],[1428, 1, 1],[-1, -11, 0, 44, 23, 237, 25, 249, 1, 7, 1, 1; -1314, -14518, -3, 57477, 30056, 309757, 32682, 325584, 1310, 9180, 1312, 1309; -1188, -13090, -1, 52173, 27276, 281078, 29652, 295358, 1187, 8313, 1188, 1190],102,1]
[[-103180, -30800, 1540; -30800, -9194, 461; 1540, 461, 34],[1540, 1, 1],[-25, 125, 26, -23, -251, -251, -1249, -297, -631, -95, -1748, -1129, -554, -1281; 84, -418, -87, 77, 840, 840, 4180, 994, 2112, 318, 5852, 3780, 1855, 4290; -14, 0, 2, 0, -20, -21, -110, -28, -66, -11, -231, -160, -84, -220],103,1]
[[-23541960, 3623880, 34320; 3623880, -557834, -5283; 34320, -5283, -50],[1560, 1, 1],[-13, -107, -172, -1317, -10685, -2302, -201073, -12427, -3299, -1089, -104, -63, -79, 2, 145, 7; -84, -689, -1107, -8475, -68757, -14813, -1293864, -79965, -21228, -7007, -669, -405, -507, 13, 936, 45; -48, -650, -1104, -8590, -69888, -15074, -1317576, -81455, -21660, -7189, -705, -455, -663, -1, 624, 50],104,1]
[[-165273780, 78204, 111720; 78204, -34, -55; 111720, -55, -74],[1596, 1, 1],[4, 13, -2, -1, 1, 34, 13, 275; 2808, 9120, -1407, -702, 703, 23883, 9130, 193116; 3951, 12844, -1974, -988, 987, 33573, 12838, 271586],105,1]
[[-60078876, 27456, 20592; 27456, -10, -13; 20592, -13, -2],[1716, 1, 1],[-1, 7, 2, 511, 31, 571, 89, 89, 97, 2, 61, 1, 1, -1; -1430, 9984, 2854, 729300, 44244, 814957, 127026, 127028, 138450, 2855, 87087, 1428, 1430, -1428; -1012, 7098, 2027, 517803, 31412, 578578, 90180, 90178, 98280, 2026, 61776, 1012, 1001, -1014],106,1]
[[-964563780, 5310480, -210540; 5310480, -29014, 1117; -210540, 1117, -38],[1740, 1, 1],[1, -335, -52, -2486, -79, -1593, -14, 13; 230, -77024, -11956, -571590, -18164, -366270, -3219, 2989; 1220, -408030, -63337, -3028035, -96226, -1940390, -17055, 15834],107,1]
[[-6396119940, 2136697380, 6986100; 2136697380, -713788318, -2333787; 6986100, -2333787, -7630],[1740, 1, 1],[1236, 5367, 4129, -1, -1987, -6871, -563347, -59522, -1997591, -33114, -89409, -73681, -8693, -3809, -1823, -24947, -1336, -19417; 3700, 16066, 12360, -3, -5948, -20568, -1686350, -178176, -5979684, -99125, -267641, -220560, -26022, -11402, -5457, -74675, -3999, -58116; -25, -29, 0, 2, -2, -21, -2175, -235, -8004, -140, -406, -360, -47, -28, -24, -870, -80, -2436],108,1]
[[1334060, -267540, -1820; -267540, 53654, 365; -1820, 365, 2],[1820, 1, 1],[-7844, -15507, -365, -2739, -61, 0, 73, 1, -60, -1517, -243, -13069, -2371, -4864, -442697, -24929; -39091, -77280, -1819, -13650, -304, 0, 364, 5, -299, -7560, -1211, -65130, -11816, -24240, -2206204, -124235; -3679, -7280, -172, -1300, -30, -1, 0, 0, -26, -700, -113, -6110, -1110, -2279, -207480, -11685],109,1]
[[-526380, -262260, 0; -262260, -130666, -3; 0, -3, 14],[1860, 1, 1],[-275, -1081, -127, 170, 299, 146, 6951, 287, 1143, 142, -139, -279, -139, -6641; 552, 2170, 255, -341, -600, -293, -13950, -576, -2294, -285, 279, 560, 279, 13330; 114, 434, 45, -93, -140, -66, -3100, -126, -496, -60, 62, 120, 59, 2790],110,1]
[[-648168612, 162288, 233772; 162288, -38, -61; 233772, -61, -82],[1932, 1, 1],[1, 703, 234, 1210, 751, 1037, 271, 8, 125, 18, 32, 5, -2, -1; 1575, 1106852, 368424, 1905090, 1182412, 1632701, 426674, 12595, 196788, 28336, 50370, 7868, -3151, -1574; 1679, 1180636, 392987, 2032119, 1261260, 1741583, 455130, 13436, 209944, 30233, 53751, 8400, -3358, -1680],111,1]
[[-4758603960, 3057480, -704520; 3057480, -1946, 429; -704520, 429, -74],[2280, 1, 1],[-109, -268, -9401, -183, -512, -499, -1199, -277, -107, -92, -1543, -9, 8, 19, -169, -107; -206868, -508630, -17841912, -347311, -971712, -947040, -2275554, -525712, -203073, -174605, -2928432, -17081, 15183, 36060, -320739, -203072; -161541, -397185, -13932624, -271213, -758805, -739540, -1776975, -410528, -158580, -136350, -2286840, -13339, 11856, 28160, -250458, -158576],112,1]
[[-1509227220, 341940, 496920; 341940, -74, -117; 496920, -117, -158],[2460, 1, 1],[37, 109, 2, -2, -4, 3, 387, 19, 53, 629, 61, 218, 742, 105, 3303, 62; 76210, 224516, 4120, -4119, -8241, 6178, 797040, 39132, 109160, 1295518, 125639, 449007, 1528275, 216266, 6803130, 127701; 59930, 176546, 3239, -3240, -6478, 4860, 626890, 30777, 85850, 1018850, 98807, 353112, 1201874, 170076, 5350090, 100425],113,1]
[[1684740, -330240, -2580; -330240, 64706, 513; -2580, 513, 2],[2580, 1, 1],[-2113, -4059, -261, -12073, -237, -71, -1301, 0, 347, 23, -26, -24, -4267, -238, -309, -19124, -475, -41197; -10476, -20124, -1294, -59856, -1175, -352, -6450, 0, 1720, 114, -129, -119, -21156, -1180, -1532, -94815, -2355, -204250; -38514, -74003, -4761, -220332, -4330, -1300, -23865, -1, 6450, 432, -430, -432, -77400, -4325, -5624, -348300, -8654, -750780],114,1]
[[2637852, 627564, -5208; 627564, 149302, -1239; -5208, -1239, 10],[2604, 1, 1],[796, 6134, 81, 19, 309, -5, -59, -5, 81, 62, 2732, 205, 1125, 159279, 7727, 70987, 12875, 8785; -3351, -25823, -341, -80, -1302, 21, 248, 21, -341, -261, -11501, -863, -4736, -670530, -32529, -298840, -54201, -36983; -645, -4991, -67, -18, -434, -3, 0, 0, -62, -48, -2170, -164, -906, -128464, -6234, -57288, -10395, -7099],115,1]
[[4060860, 810900, -3180; 810900, 161926, -635; -3180, -635, 2],[3180, 1, 1],[221, 1217, 74701, 2103, 525817, 16605, 1408231, 48709, 117014, 39301, 3100, 2104, 42641, 111, 2222, 0, -127, -1, 328, 551; -1107, -6096, -374180, -10534, -2633835, -83175, -7053876, -243985, -586127, -196860, -15528, -10539, -213590, -556, -11130, 0, 636, 5, -1643, -2760; -73, -405, -24910, -702, -175695, -5549, -470640, -16280, -39114, -13140, -1037, -705, -14310, -38, -795, -1, 0, 0, -106, -180],116,1]
[[8560860, -1714020, -4620; -1714020, 343174, 925; -4620, 925, 2],[4620, 1, 1],[-829, -663, -497, -22357, -331, -826, -164, 1, 185, 0; -4140, -3311, -2482, -111650, -1653, -4125, -819, 5, 924, 0; -240, -187, -138, -6160, -90, -220, -42, 0, 0, -1],117,1]
[[-1671382020, 328020, 475860; 328020, -62, -97; 475860, -97, -130],[4620, 1, 1],[1, -1, -2, 25, 17, 85, 453, 28, 368, 7, 17, 58, 151, 47, 139, 603, 28, 248; 2607, -2606, -5215, 65142, 44300, 221508, 1180520, 72969, 959035, 18243, 44306, 151165, 393558, 122500, 362292, 1571680, 72981, 646415; 1715, -1716, -3430, 42900, 29170, 145845, 777260, 48042, 631400, 12010, 29166, 99505, 259050, 80630, 238455, 1034440, 48033, 425425],118,1]
[[-929927460, 291060, 161700; 291060, -82, -55; 161700, -55, -26],[4620, 1, 1],[12, 43, 39, 2, -1, -1, 1, 263, 9, 67; 17815, 63840, 57904, 2970, -1484, -1485, 1484, 390390, 13360, 99462; 36939, 132360, 120043, 6155, -3080, -3078, 3079, 809655, 27706, 206250],119,1]
[[-606294780, 55970460, 125580; 55970460, -5166946, -11593; 125580, -11593, -26],[5460, 1, 1],[-95, -24, -7, 7, 108, 75, 209, 11, 589, 5, -11, -68, -67, -758, -495, -1379, -76, -5139; -1026, -259, -75, 76, 1170, 812, 2262, 119, 6370, 54, -119, -735, -724, -8190, -5348, -14898, -821, -55510; -1386, -441, -375, -80, -65, 182, 858, 69, 4550, 72, -70, -720, -796, -9425, -6314, -17940, -1018, -70980],120,1]
[[-573936958140, 420774900, 139639500; 420774900, -308486, -102375; 139639500, -102375, -33974],[5460, 1, 1],[5, -151, -1, 244, 423, 939, 18151, 943, 59737, 689, 1039, 523, 8159, 353, 1604, 721, 909, 13881, 641, 36359, 279, 193; 6822, -206115, -1364, 333060, 577382, 1281700, 24775400, 1287157, 81538548, 940455, 1418186, 713868, 11136580, 481824, 2189355, 984113, 1240715, 18946460, 874913, 49627032, 380810, 263424; -6, 455, 0, -735, -1235, -2723, -52520, -2726, -172536, -1985, -2982, -1494, -23205, -1000, -4515, -2015, -2527, -38480, -1774, -100464, -765, -518],121,1]
[[-1176, -552, 120; -552, -259, 56; 120, 56, -11],[24, 1, 1],[3, -4, -5, 9; -7, 9, 12, -20; -3, 2, 6, -4],122,1]
[[-2616, 120, 72; 120, -5, -4; 72, -4, -1],[24, 1, 1],[1, -1, -1, 1; 15, -16, -15, 16; 11, -10, -12, 8],122,2]
[[-3320, 120, 120; 120, -4, -5; 120, -5, -3],[40, 1, 1],[-1, 1, 3, 1, 3, -1; -18, 20, 56, 18, 50, -20; -10, 5, 24, 9, 30, -8],123,1]
[[-2120, 280, 80; 280, -19, -10; 80, -10, -3],[40, 1, 1],[-1, 1, 5, 2, 4, -1; 1, 0, -4, -2, -5, 0; -30, 25, 144, 59, 120, -28],123,2]
[[920, 200, 0; 200, 43, 1; 0, 1, -2],[40, 1, 1],[3, 11, 1, -3, -11, -1; -14, -50, -4, 14, 50, 4; -8, -30, -4, 6, 20, 0],123,3]
[[5680, 2720, -80; 2720, 1302, -38; -80, -38, 1],[80, 2, 1],[0, -9, -1, 5, 17, 3; 0, 20, 2, -12, -40, -7; -1, 40, 0, -48, -150, -26],123,4]
[[4080, -160, 80; -160, 6, -2; 80, -2, -3],[80, 2, 1],[1, 1, -1, -1, 1, 1; 28, 20, -30, -28, 30, 29; 6, 0, -8, -8, 5, 6],123,5]
[[-2480, 80, 80; 80, -2, -4; 80, -4, 1],[80, 2, 1],[0, -7, -1, -1, 1, 1; 0, -160, -23, -24, 20, 22; -1, -80, -10, -8, 10, 8],123,6]
[[-64880, 1120, 1120; 1120, -18, -20; 1120, -20, -19],[80, 2, 1],[-1, 7, 2, 5, 2, -1; -20, 120, 37, 96, 40, -18; -38, 280, 78, 192, 75, -40],123,7]
[[-28056, 392, 448; 392, -5, -7; 448, -7, -6],[56, 1, 1],[1, -1, -1, 1, 9, 9; 40, -42, -40, 42, 370, 368; 27, -26, -28, 25, 234, 236],124,1]
[[-115696, -57232, 1792; -57232, -28311, 886; 1792, 886, -27],[112, 1, 1],[-17, 16, 35, -31, -146, -295; 35, -33, -72, 64, 301, 608; 20, -21, -40, 42, 185, 368],124,2]
[[616, -176, -88; -176, 50, 23; -88, 23, -3],[88, 1, 1],[3, 4, 35, 1, -4, -5, -57, -7; 11, 15, 132, 4, -15, -19, -220, -28; -6, -3, -22, 0, 2, -1, -66, -24],125,1]
