[[4, 0, 0; 0, 0, -1; 0, -1, -2],[4, 1, 1],[-1, 1, 0; -2, 0, 2; 0, 0, -1],0,1]
[[-168, 16, 32; 16, -1, -3; 32, -3, -6],[8, 1, 1],[0, -1, 1; 2, -4, -2; -1, -4, 6],0,2]
[[-328, 32, 56; 32, -3, -6; 56, -6, -7],[8, 1, 1],[2, -3, -1; 15, -24, -7; 3, -4, -2],0,3]
[[0, -1, 0; -1, 0, 0; 0, 0, 1],[1, 1, 1],[0, 0, -1; -1, 0, 1; -1, 1, 0],0,4]
[[2, 0, -2; 0, 1, -1; -2, -1, 2],[2, 1, 1],[0, 1, 0; 0, 0, 1; 1, 0, 0],0,5]
[[-4, 4, 4; 4, -2, -3; 4, -3, -3],[4, 1, 1],[0, -1, 1; 1, -2, -1; -1, 0, 2],0,6]
[[0, -2, -2; -2, -2, -2; -2, -2, -1],[2, 2, 1],[-1, 0, 1; 2, -1, -1; -2, 1, 0],0,7]
[[4, -4, 0; -4, 8, 4; 0, 4, 3],[4, 4, 1],[1, 0, 0; 0, 1, 1; 0, -2, 0],0,8]
[[8, -4, 0; -4, 0, 0; 0, 0, 1],[4, 4, 1],[0, 0, 1; 1, 0, 0; -2, 1, 0],0,9]
[[-48, -56, -8; -56, -56, -8; -8, -8, -1],[8, 8, 1],[-1, 1, 0; 0, -1, 1; 8, 2, -8],0,10]
[[-48, -24, 8; -24, -8, 8; 8, 8, 3],[8, 8, 1],[-5, 1, 3; 8, -1, -5; -8, 2, 4],0,11]
[[-24, 8, 16; 8, -2, -5; 16, -5, -10],[8, 1, 1],[0, -1, 1; 2, -4, -1; -1, 0, 2],1,1]
[[2, 0, 0; 0, 0, -1; 0, -1, 0],[2, 1, 1],[-1, 1, 0; 0, 0, -1; -1, 0, 1],1,2]
[[-4, -2, -4; -2, 0, -2; -4, -2, -3],[2, 2, 1],[2, -1, -1; -1, 0, 2; -2, 1, 0],1,3]
[[-16, 24, -8; 24, -16, 8; -8, 8, -3],[8, 8, 1],[2, -1, -1; -1, 0, 2; -8, 2, 8],1,4]
[[-516, 36, 72; 36, -2, -5; 72, -5, -10],[12, 1, 1],[0, 1, -1; 2, -2, -3; -1, 8, -6],2,1]
[[-3, 0, 0; 0, 1, 0; 0, 0, 1],[3, 1, 1],[0, 0, -1; -1, 1, 0; 1, 0, -3],2,2]
[[-30, -33, -6; -33, -33, -6; -6, -6, -1],[3, 3, 1],[-1, -2, 5; 2, -1, -1; -6, 12, -13],2,3]
[[-12, -12, -12; -12, -6, -9; -12, -9, -10],[12, 3, 1],[1, 1, -1; 2, -2, -1; -3, 0, 2],2,4]
[[312, -156, 84; -156, 88, -40; 84, -40, 23],[12, 4, 1],[-1, 2, 8; 0, 1, 3; 4, -6, -24],2,5]
[[24, -84, -24; -84, 696, 192; -24, 192, 53],[12, 12, 1],[1, 0, 0; 0, -5, -1; 0, 18, 4],2,6]
[[2124, 0, -108; 0, -6, 3; -108, 3, 4],[36, 3, 1],[-1, 3, 1, -1; -10, 28, 9, -10; -18, 60, 18, -20],3,1]
[[-3096, -1440, 432; -1440, -669, 198; 432, 198, -49],[72, 3, 1],[-15, 17, 31, -5; 35, -40, -72, 12; 9, -12, -18, 4],3,2]
[[-9144, -1800, -1080; -1800, -354, -213; -1080, -213, -127],[72, 3, 1],[1, 3, -4, -5; -5, -8, 15, 16; 0, -12, 9, 16],3,3]
[[3, 0, 0; 0, 0, -1; 0, -1, 0],[3, 1, 1],[-1, 1, 0, -1; 0, 0, -1, -1; -3, 0, 1, -1],3,4]
[[42, 18, -12; 18, 8, -5; -12, -5, 3],[6, 1, 1],[-7, 1, 1, -3; 9, 0, -2, 2; -18, 6, 1, -12],3,5]
[[-60, 12, 12; 12, -2, -3; 12, -3, -1],[12, 1, 1],[-1, -1, 1, 1; -3, -6, 3, 4; -3, 0, 2, 0],3,6]
[[12, 0, 0; 0, 0, 1; 0, 1, 2],[12, 1, 1],[1, -1, 0, 1; 6, 0, 0, 4; 0, 0, -1, -2],3,7]
[[-1560, 48, 72; 48, -1, -3; 72, -3, -2],[24, 1, 1],[1, 1, -1, -1; 18, 12, -18, -16; 9, 12, -10, -12],3,8]
[[-191352, -21120, 2592; -21120, -2331, 286; 2592, 286, -35],[24, 1, 1],[-8, 1, 3, 1; 81, -12, -30, -8; 69, -24, -23, 8],3,9]
[[18, 0, -9; 0, -15, -3; -9, -3, 4],[9, 3, 1],[2, -3, -1, 2; -1, 1, 0, -1; 3, -6, 0, 4],3,10]
[[954, -18, -90; -18, -3, 3; -90, 3, 8],[18, 3, 1],[-1, 3, 1, -1; -4, 10, 3, -4; -9, 30, 9, -10],3,11]
[[-1548, 108, -180; 108, -6, 15; -180, 15, -17],[36, 3, 1],[-2, 3, 4, -1; -14, 22, 27, -8; 9, -12, -18, 4],3,12]
[[-6, -9, -6; -9, -12, -9; -6, -9, -5],[3, 3, 1],[3, -1, -3, 4; -1, 0, 2, 0; -1, 1, 0, -3],3,13]
[[48, -18, 24; -18, 6, -8; 24, -8, 11],[6, 2, 1],[-13, 2, 1, -4; 36, -6, -3, 11; 54, -9, -4, 17],3,14]
[[126, 24, 54; 24, -6, 9; 54, 9, 23],[6, 3, 1],[-26, 9, 6, -49; -5, 2, 1, -10; 64, -22, -15, 120],3,15]
[[9, 0, 0; 0, -6, -3; 0, -3, -1],[9, 3, 1],[0, 1, 0, -1; 1, -1, -1, 0; -3, 0, 2, 0],3,16]
[[12, -24, 12; -24, -18, 15; 12, 15, -11],[12, 3, 1],[1, -1, -2, 1; 3, -2, -7, 0; 5, -4, -12, 0],3,17]
[[18, 294, 120; 294, 4368, 1782; 120, 1782, 727],[6, 6, 1],[-6, 1, 1, -6; -43, 2, 22, -23; 106, -5, -54, 57],3,18]
[[36, -12, 12; -12, -24, 9; 12, 9, -2],[12, 3, 1],[1, -3, -1, 3; -2, 8, 2, -8; -4, 16, 3, -18],3,19]
[[-24, 12, -12; 12, 0, 4; -12, 4, -5],[12, 4, 1],[-2, 1, 1, -1; 3, 0, -2, 0; 6, -3, -4, 2],3,20]
[[12, -12, 0; -12, 8, 0; 0, 0, 1],[12, 4, 1],[1, 2, 0, 0; 0, 3, 1, 0; 0, -6, 0, 1],3,21]
[[18, 0, 0; 0, -3, -3; 0, -3, -2],[18, 3, 1],[0, 1, 0, -1; 2, -2, -1, 0; -3, 0, 1, 0],3,22]
[[-3720, -2064, 288; -2064, -1143, 159; 288, 159, -22],[24, 3, 1],[-2, 1, 5, 1; 6, -4, -14, 0; 17, -16, -36, 12],3,23]
[[-936, 96, 48; 96, -9, -6; 48, -6, -1],[24, 3, 1],[1, -1, -1, 1; 7, -8, -7, 8; 5, -4, -6, 0],3,24]
[[198, 54, 90; 54, 12, 24; 90, 24, 41],[18, 6, 1],[0, -7, -1, 4; 1, 1, 0, 0; 0, 15, 2, -9],3,25]
[[36, 0, 0; 0, -6, -3; 0, -3, -1],[36, 3, 1],[0, -1, 0, 1; 1, -2, -1, 0; -3, 0, 2, 0],3,26]
[[6066, -990, 2610; -990, 156, -426; 2610, -426, 1123],[18, 6, 1],[26, 4, -31, -3; 1, 1, 0, 0; -60, -9, 72, 7],3,27]
[[-180, 36, 0; 36, -6, -3; 0, -3, 8],[36, 3, 1],[-3, 1, 1, -1; -16, 4, 5, -6; -6, 0, 2, 0],3,28]
[[216, 804, 240; 804, 2976, 888; 240, 888, 265],[12, 12, 1],[0, -1, -3, -1; -3, 0, 8, 2; 10, 1, -24, -6],3,29]
[[276, 132, 72; 132, 72, 36; 72, 36, 19],[12, 12, 1],[-1, 0, -2, -2; -2, 1, -3, -4; 8, -2, 12, 15],3,30]
[[-4200, 264, 384; 264, -16, -24; 384, -24, -35],[24, 8, 1],[2, -1, -1, 0; -3, 9, 1, -3; 24, -18, -12, 2],3,31]
[[-24, 552, -72; 552, -8400, 1096; -72, 1096, -143],[24, 8, 1],[2, -1, -1, 0; -3, 18, 1, -3; -24, 138, 8, -23],3,32]
[[-2520, -1152, 72; -1152, -525, 33; 72, 33, -2],[72, 3, 1],[-1, 1, 1, 1; 2, -4, -2, 0; -3, -36, 2, 36],3,33]
[[-191736, 1296, 2592; 1296, -3, -18; 2592, -18, -35],[72, 3, 1],[3, -1, -1, 1; 17, -4, -6, 0; 213, -72, -71, 72],3,34]
[[1440, 828, 288; 828, 480, 168; 288, 168, 59],[36, 12, 1],[-4, -5, 1, 5; 13, 16, -3, -15; -18, -21, 4, 18],3,35]
[[64224, 8244, -8496; 8244, 1056, -1092; -8496, -1092, 1123],[36, 12, 1],[-17, -6, 31, 3; 52, 19, -93, -9; -78, -27, 144, 14],3,36]
[[828, -1152, -1008; -1152, 2028, 1704; -1008, 1704, 1441],[36, 12, 1],[-11, -15, -17, -4; 34, 47, 51, 12; -48, -66, -72, -17],3,37]
[[252, -72, -108; -72, 12, 24; -108, 24, 41],[36, 12, 1],[0, -1, 1, 2; 1, 5, -3, -6; 0, -6, 4, 9],3,38]
[[-48, -24, 0; -24, 72, -24; 0, -24, 7],[24, 24, 1],[-1, 1, 1, -1; 2, -3, -3, 2; 8, -10, -12, 6],3,39]
[[-10032, 8616, 1032; 8616, -6984, -840; 1032, -840, -101],[24, 24, 1],[-1, 2, 1, -1; 18, -31, -19, 15; -160, 278, 168, -135],3,40]
[[-720, -360, 288; -360, -168, 144; 288, 144, -115],[72, 24, 1],[-1, 3, -1, -7; 2, -1, -1, 0; 0, 6, -4, -18],3,41]
[[-30096, 1080, -9360; 1080, -24, 336; -9360, 336, -2911],[72, 24, 1],[15, -28, -5, 14; 2, -1, -1, 0; -48, 90, 16, -45],3,42]
[[-144, 792, -72; 792, -4200, 384; -72, 384, -35],[72, 24, 1],[-1, 3, 1, -1; 2, -1, -3, 0; 24, -18, -36, 2],3,43]
[[-720720, 5112, 10152; 5112, -24, -72; 10152, -72, -143],[72, 24, 1],[-1, 6, 1, -1; 2, -1, -3, 0; -72, 426, 72, -71],3,44]
[[-15020, 360, 680; 360, -8, -17; 680, -17, -30],[20, 1, 1],[-3, 13, 2, -3; -50, 200, 32, -46; -40, 180, 27, -42],4,1]
[[-8360, 240, 360; 240, -6, -11; 360, -11, -15],[40, 1, 1],[-2, 9, 1, -1; -25, 100, 12, -11; -30, 140, 15, -16],4,2]
[[-34760, 200, 1560; 200, -1, -9; 1560, -9, -70],[40, 1, 1],[-2, -1, 1, 0; 0, -20, 2, 6; -45, -20, 22, -1],4,3]
[[5, 0, 0; 0, 0, -1; 0, -1, 0],[5, 1, 1],[-1, 1, 0, -1; 0, 0, -1, -1; -5, 0, 1, -2],4,4]
[[310, 180, 240; 180, 105, 139; 240, 139, 186],[10, 1, 1],[104, 141, -4, -2; -80, -110, 3, 2; -75, -100, 3, 1],4,5]
[[-180, -20, -80; -20, -2, -9; -80, -9, -35],[20, 1, 1],[2, 1, -1, 0; 0, -10, 1, 3; -5, 0, 2, -1],4,6]
[[-8530, 350, -4010; 350, -12, 164; -4010, 164, -1885],[10, 2, 1],[174, 43, -23, 24; -105, -35, 12, -11; -380, -95, 50, -52],4,7]
[[-65, -45, 20; -45, -20, 15; 20, 15, -6],[5, 5, 1],[-1, -7, -6, 5; -1, 0, 2, -1; -8, -27, -15, 15],4,8]
[[-12970, -1010, -5320; -1010, -75, -415; -5320, -415, -2182],[10, 5, 1],[58, 37, -34, 32; -22, -10, 15, -16; -137, -88, 80, -75],4,9]
[[1880, -100, 440; -100, 20, -24; 440, -24, 103],[20, 4, 1],[-23, -7, -1, -12; 5, 0, 0, 3; 100, 30, 4, 52],4,10]
[[23920, -7500, 4300; -7500, 2360, -1348; 4300, -1348, 773],[20, 4, 1],[9, 33, 26, 5; 0, 5, 5, 1; -50, -175, -136, -26],4,11]
[[1860, -17310, -7720; -17310, 162250, 72360; -7720, 72360, 32271],[10, 10, 1],[-15, -10, 3, 1; 976, 663, -187, -98; -2192, -1489, 420, 220],4,12]
[[-1020, 220, 120; 220, -40, -25; 120, -25, -14],[20, 5, 1],[1, 1, -2, -3; -2, 0, 4, 2; 12, 8, -25, -30],4,13]
[[-2100, -840, 200; -840, -335, 80; 200, 80, -19],[20, 5, 1],[0, 1, -1, -2; 1, -2, -1, 4; 4, 2, -15, -5],4,14]
[[-200, 80, 40; 80, -30, -15; 40, -15, -7],[40, 5, 1],[0, 1, 0, -1; -1, 4, 2, -3; 2, -4, -5, 0],4,15]
[[-33000, 440, 1120; 440, -5, -15; 1120, -15, -38],[40, 5, 1],[0, -1, 1, 2; 2, -4, -2, 8; -1, -28, 30, 55],4,16]
[[-1320, 280, 360; 280, -48, -80; 360, -80, -97],[40, 8, 1],[-14, 17, 7, -8; -15, 15, 7, -7; -40, 50, 20, -24],4,17]
[[-27480, 2000, 760; 2000, -120, -56; 760, -56, -21],[40, 8, 1],[-7, 11, 4, -5; -5, 10, 3, -5; -240, 370, 136, -168],4,18]
[[100, -160, -40; -160, 1060, 200; -40, 200, 39],[20, 20, 1],[-3, -1, -5, -12; 4, 1, 7, 17; -24, -6, -40, -100],4,19]
[[120, 580, 100; 580, 3040, 520; 100, 520, 89],[20, 20, 1],[0, 1, 5, 1; 1, 1, 6, 5; -6, -7, -40, -30],4,20]
[[-240, 440, 80; 440, -680, -120; 80, -120, -21],[40, 40, 1],[-1, 0, 2, 1; -2, -1, 5, 8; 8, 6, -20, -40],4,21]
[[-240, -4360, 280; -4360, -77880, 5000; 280, 5000, -321],[40, 40, 1],[1, 1, -2, -5; 2, -3, -5, 8; 32, -46, -80, 120],4,22]
[[-1660, 80, 100; 80, -2, -5; 100, -5, -6],[20, 1, 1],[-1, -2, 1, 1; -1, -5, 0, 2; -16, -30, 16, 15],5,1]
[[15, 0, -5; 0, -1, 0; -5, 0, 2],[5, 1, 1],[0, 2, 0, -1; 0, 0, -1, -1; 1, 5, -1, -3],5,2]
[[-10, -25, 15; -25, -30, 20; 15, 20, -13],[5, 5, 1],[-1, -1, 0, 2; -6, -2, 3, 5; -10, -4, 5, 10],5,3]
[[8440, -220, 1540; -220, 8, -40; 1540, -40, 281],[20, 4, 1],[3, 11, 2, 0; 2, 0, 0, 1; -16, -60, -11, 0],5,4]
[[20, 0, 0; 0, -10, -5; 0, -5, -2],[20, 5, 1],[-1, 0, 1, 0; -1, -1, 0, 2; 0, 2, 0, -5],5,5]
[[40, 100, 20; 100, 280, 60; 20, 60, 13],[20, 20, 1],[2, 0, 0, 1; -1, -1, -1, 0; 0, 4, 5, 0],5,6]
[[-1224, 360, -144; 360, -102, 39; -144, 39, -14],[72, 3, 1],[-1, 3, -1; -7, 20, -3; -9, 24, 0],6,1]
[[6, 0, 0; 0, 0, -1; 0, -1, 0],[6, 1, 1],[-1, 1, 0; 0, 0, -1; -3, 0, 1],6,2]
[[-264, -24, 336; -24, -2, 39; 336, 39, -34],[24, 1, 1],[-17, 7, 11; 144, -60, -93; -3, 0, 2],6,3]
[[-90, 36, 36; 36, -12, -15; 36, -15, -14],[18, 3, 1],[2, -3, -1; 2, -2, -3; 3, -6, 0],6,4]
[[-60, 18, -18; 18, -4, 6; -18, 6, -5],[6, 2, 1],[5, -1, -2; 6, 0, -3; -12, 3, 4],6,5]
[[-6, -18, -6; -18, -12, -9; -6, -9, -4],[6, 3, 1],[-1, -1, 3; -1, 0, 2; 4, 2, -9],6,6]
[[12, 90, 36; 90, 744, 300; 36, 300, 121],[6, 6, 1],[-2, 0, 1; 1, 2, 0; -2, -5, 0],6,7]
[[-18, 18, 18; 18, -12, -9; 18, -9, -4],[18, 3, 1],[2, -1, -1; 5, -2, -3; -3, 0, 2],6,8]
[[-3672, 48, 192; 48, 6, -3; 192, -3, -10],[24, 3, 1],[-1, 3, 0; -1, 4, -1; -19, 56, 0],6,9]
[[36, 18, 18; 18, 12, 12; 18, 12, 11],[18, 6, 1],[0, 1, -1; 1, 1, 0; 0, -3, 0],6,10]
[[1368, 342, 648; 342, 84, 162; 648, 162, 307],[18, 6, 1],[-3, 4, -1; 1, 1, 0; 6, -9, 2],6,11]
[[1200, -1704, 168; -1704, 2416, -240; 168, -240, 23],[24, 8, 1],[-25, -46, 22; -15, -27, 13; 24, 54, -24],6,12]
[[-72, 0, 72; 0, 6, 15; 72, 15, -34],[72, 3, 1],[-3, 1, 2; 8, -4, -5; -3, 0, 2],6,13]
[[-48, 24, -24; 24, 144, 0; -24, 0, -11],[24, 24, 1],[4, 1, -11; -1, 0, 2; -8, -2, 24],6,14]
[[-720, -72, 72; -72, 48, 48; 72, 48, 23],[72, 24, 1],[0, -1, 13; 1, 4, -54; 0, -6, 72],6,15]
[[363600, 44136, -6120; 44136, 5232, -744; -6120, -744, 103],[72, 24, 1],[-21, -41, 19; 10, 19, -9; -1176, -2298, 1064],6,16]
[[-308, 56, 28; 56, -10, -5; 28, -5, -2],[28, 1, 1],[0, -1, 0, 1; 1, -6, -1, 6; -3, 0, 2, -2],7,1]
[[-7, 0, 0; 0, 1, 0; 0, 0, 1],[7, 1, 1],[0, 0, -1, -1; -1, 1, 0, -2; 1, 0, -3, -2],7,2]
[[-91, -49, -14; -49, -21, -7; -14, -7, -2],[7, 7, 1],[0, -2, -1, 1; 2, -1, -3, 0; -7, 14, 14, -7],7,3]
[[952, 140, -252; 140, 24, -36; -252, -36, 67],[28, 4, 1],[-7, -3, 1, -3; 5, 2, 0, 3; -24, -10, 4, -10],7,4]
[[-364, -84, -28; -84, -14, -7; -28, -7, -2],[28, 7, 1],[-1, -1, 1, 1; 2, -2, -3, 0; 7, 14, -7, -14],7,5]
[[56, -308, 84; -308, 3864, -1064; 84, -1064, 293],[28, 28, 1],[1, 1, 1, 1; 0, 27, 31, 4; 0, 98, 112, 14],7,6]
[[-21252, 532, 1204; 532, -12, -33; 1204, -33, -62],[28, 1, 1],[-31, 3, 5, 1, -9; -602, 56, 98, 28, -172; -280, 28, 45, 7, -82],8,1]
[[-39928, 224, 1176; 224, -1, -7; 1176, -7, -34],[56, 1, 1],[3, 1, -1, -1, 1; 126, 28, -42, -35, 48; 77, 28, -26, -28, 24],8,2]
[[-655704, 94472, 11312; 94472, -13611, -1630; 11312, -1630, -195],[56, 1, 1],[48, -5, -7, 3, 29; 287, -28, -42, 14, 172; 385, -56, -55, 56, 244],8,3]
[[7, 0, 0; 0, 0, -1; 0, -1, 0],[7, 1, 1],[-1, 1, 0, -4, -1; 0, 0, -1, -7, -1; -7, 0, 1, -7, -3],8,4]
[[4830, 3374, 3108; 3374, 2357, 2171; 3108, 2171, 2000],[14, 1, 1],[51, -9, 2, 74, 37; -28, 0, -1, -35, -18; -49, 14, -2, -77, -38],8,5]
[[-364, 28, 112; 28, -2, -7; 112, -7, -17],[28, 1, 1],[3, 1, -1, -2, 1; 63, 14, -21, -35, 24; -7, 0, 2, 0, -4],8,6]
[[-41146, 1526, -19754; 1526, -48, 730; -19754, 730, -9483],[14, 2, 1],[466, -23, -75, -13, 68; -301, 14, 49, 14, -43; -994, 49, 160, 28, -145],8,7]
[[-14, -49, -14; -49, -168, -49; -14, -49, -13],[7, 7, 1],[4, -1, -7, 3, 12; -1, 0, 2, 0, -2; -1, 1, 0, -4, -7],8,8]
[[-89950, -4676, -39130; -4676, -217, -2037; -39130, -2037, -17022],[14, 7, 1],[160, -15, -182, -7, 321; -40, 4, 45, 1, -82; -363, 34, 413, 16, -728],8,9]
[[60592, -33796, -19040; -33796, 18856, 10620; -19040, 10620, 5983],[28, 4, 1],[155, -11, 12, 438, 110; -14, 0, -1, -35, -9; 518, -35, 40, 1456, 366],8,10]
[[3640, 1820, -952; 1820, 908, -476; -952, -476, 249],[28, 4, 1],[-18, 11, 1, -51, -7; 7, 0, 0, 14, 2; -56, 42, 4, -168, -23],8,11]
[[-2324, -336, 252; -336, -42, 35; 252, 35, -27],[28, 7, 1],[1, -1, -2, 1, 7; 3, -2, -7, 1, 16; 13, -12, -28, 10, 84],8,12]
[[28000, -482146, -222768; -482146, 8303414, 3836462; -222768, 3836462, 1772577],[14, 14, 1],[-7, 1, -2, -11, -19; 664, -54, 181, 953, 1671; -1438, 117, -392, -2064, -3619],8,13]
[[420, 784, -140; 784, 1456, -259; -140, -259, 46],[28, 7, 1],[1, -3, -5, -1, 3; -2, 8, 14, 4, -4; -8, 36, 63, 19, -14],8,14]
[[-75208, -38920, 2016; -38920, -20139, 1043; 2016, 1043, -54],[56, 7, 1],[-2, 1, 5, 0, -9; 6, -4, -14, 1, 32; 41, -40, -84, 19, 280],8,15]
[[-11368, 504, 280; 504, -21, -14; 280, -14, -5],[56, 7, 1],[1, -1, -1, 1, 7; 15, -16, -15, 16, 108; 13, -12, -14, 10, 84],8,16]
[[-142072, 1512, 5264; 1512, -16, -56; 5264, -56, -195],[56, 8, 1],[2, -1, -1, -3, 0; -7, 49, 16, 7, -7; 56, -42, -32, -84, 2],8,17]
[[-168, 3080, -392; 3080, -48336, 6152; -392, 6152, -783],[56, 8, 1],[2, -1, -1, -3, 0; -7, 98, 30, 7, -7; -56, 770, 236, 56, -55],8,18]
[[280, -1764, 476; -1764, 11088, -2996; 476, -2996, 809],[28, 28, 1],[-4, -1, 21, 17, 11; 1, -1, -12, -6, -2; 6, -3, -56, -32, -14],8,19]
[[756, -2324, 700; -2324, 7336, -2212; 700, -2212, 667],[28, 28, 1],[-1, 0, -2, -4, -3; -10, -3, -9, -23, -20; -32, -10, -28, -72, -63],8,20]
[[-112, 168, -56; 168, 56, 0; -56, 0, -5],[56, 56, 1],[-1, 1, 4, 1, -1; 2, -5, -15, -3, 4; 8, -18, -56, -12, 14],8,21]
[[-100464, -38136, 4984; -38136, -14168, 1848; 4984, 1848, -241],[56, 56, 1],[-1, 2, 6, 1, -1; 34, -63, -195, -35, 31; 240, -442, -1372, -248, 217],8,22]
[[-95800, 1200, -10800; 1200, -10, 165; -10800, 165, -1042],[200, 5, 1],[-14, 15, 28, -3; -443, 476, 885, -96; 75, -80, -150, 16],9,1]
[[10, 0, 0; 0, 0, -1; 0, -1, 0],[10, 1, 1],[-1, 1, 0, -1; 0, 0, -1, -2; -5, 0, 1, -2],9,2]
[[-760, 40, 80; 40, -2, -5; 80, -5, -2],[40, 1, 1],[-2, -1, 1, 1; -30, -20, 15, 16; -5, 0, 2, 0],9,3]
[[-950, 200, 400; 200, -40, -85; 400, -85, -168],[50, 5, 1],[3, -5, -1, 3; 4, -4, -5, 2; 5, -10, 0, 6],9,4]
[[-580, 50, -230; 50, -4, 20; -230, 20, -91],[10, 2, 1],[9, -2, -2, 2; 10, 0, -5, -1; -20, 5, 4, -5],9,5]
[[10, -50, 0; -50, -60, -25; 0, -25, -2],[10, 5, 1],[-3, -1, 10, 9; -1, 0, 2, 0; 8, 2, -25, -20],9,6]
[[20, 450, 200; 450, 10120, 4500; 200, 4500, 2001],[10, 10, 1],[2, 0, 1, 5; -17, 4, 0, -38; 38, -9, 0, 85],9,7]
[[40, -80, 40; -80, -30, 25; 40, 25, -18],[40, 5, 1],[1, -1, -2, 1; 5, -4, -11, 0; 9, -8, -20, 0],9,8]
[[50, 0, 0; 0, -10, -5; 0, -5, -2],[50, 5, 1],[0, 1, 0, -1; 2, -2, -1, 0; -5, 0, 2, 0],9,9]
[[-80, 1560, -200; 1560, -24272, 3112; -200, 3112, -399],[40, 8, 1],[2, -1, -1, 0; -5, 50, 2, -5; -40, 390, 16, -39],9,10]
[[2600, 250, 1250; 250, 20, 120; 1250, 120, 601],[50, 10, 1],[0, -17, -1, 12; 1, 2, 0, 0; 0, 35, 2, -25],9,11]
[[100, 50, 50; 50, 80, 40; 50, 40, 29],[50, 10, 1],[4, 2, -1, 1; 3, 1, 0, 1; -10, -5, 0, -3],9,12]
[[200, 0, 0; 0, -10, -5; 0, -5, -2],[200, 5, 1],[0, -1, 0, 1; 2, -4, -1, 0; -5, 0, 2, 0],9,13]
[[-39440, -41320, 2640; -41320, -42000, 2680; 2640, 2680, -171],[40, 40, 1],[-1, 2, 2, -1; 26, -47, -53, 23; 392, -706, -800, 345],9,14]
[[-1131600, 11000, -222200; 11000, -80, 2160; -222200, 2160, -43631],[200, 40, 1],[55, -108, -22, 54; 2, -1, -1, 0; -280, 550, 112, -275],9,15]
[[-15800400, 39800, 79400; 39800, -80, -200; 79400, -200, -399],[200, 40, 1],[-1, 10, 2, -1; 2, -1, -5, 0; -200, 1990, 400, -199],9,16]
[[-33924, 748, 1012; 748, -14, -23; 1012, -23, -30],[44, 1, 1],[2, 3, -4, -2; 16, 22, -33, -15; 55, 84, -110, -56],10,1]
[[-11, 0, 0; 0, 1, 0; 0, 0, 1],[11, 1, 1],[0, 0, -3, -1; -1, 1, 0, -2; 1, 0, -11, -3],10,2]
[[-154, -253, 121; -253, -330, 176; 121, 176, -89],[11, 11, 1],[-15, -14, 2, 16; -12, -6, 3, 11; -44, -33, 8, 44],10,3]
[[682264, -19932, -188672; -19932, 584, 5512; -188672, 5512, 52175],[44, 4, 1],[-54, -37, -73, -11; 7, 2, 0, 2; -196, -134, -264, -40],10,4]
[[-1804, 528, 264; 528, -154, -77; 264, -77, -38],[44, 11, 1],[0, 3, 0, -2; 5, 10, -1, -7; -11, 0, 2, 0],10,5]
[[1144, 1540, -396; 1540, 2200, -572; -396, -572, 149],[44, 44, 1],[7, 2, 0, 2; -39, -7, 1, -13; -132, -22, 4, -44],10,6]
[[-2348148, 9768, 70268; 9768, -40, -293; 70268, -293, -2102],[44, 1, 1],[-63, -157, -16, -33, -91, 3, 9, 5; -1826, -4796, -500, -1040, -2882, 88, 286, 184; -1848, -4576, -465, -958, -2640, 88, 261, 142],11,1]
[[-238040, 528, 4840; 528, -1, -11; 4840, -11, -98],[88, 1, 1],[5, 1, -1, -3, -5, -1, 1, 3; 330, 44, -66, -160, -198, 220, 78, 208; 209, 44, -42, -132, -231, -88, 40, 124],11,2]
[[-1848, -1848, 968; -1848, -1826, 945; 968, 945, -483],[88, 1, 1],[-105, -21, 11, 77, 149, 109, -9, -61; 209, 44, -22, -160, -319, -264, 17, 120; 198, 44, -21, -160, -330, -308, 15, 112],11,3]
[[11, 0, 0; 0, 0, -1; 0, -1, 0],[11, 1, 1],[-1, 1, 0, -3, -21, -23, -2, -1; 0, 0, -1, -7, -44, -44, -3, -1; -11, 0, 1, -7, -55, -66, -7, -5],11,4]
[[38918, 28094, 12386; 28094, 20281, 8941; 12386, 8941, 3942],[22, 1, 1],[-1558, -1753, -82, -103, -202, -7, 2, -217; 902, 1012, 47, 58, 110, 0, -1, 126; 2849, 3212, 151, 192, 385, 22, -4, 396],11,5]
[[-924, 44, 264; 44, -2, -11; 264, -11, -49],[44, 1, 1],[-5, -1, 1, 3, 5, 1, -1, -3; -99, 110, 39, 104, 165, 22, -33, -80; -11, -44, -4, -8, -11, 0, 2, 0],11,6]
[[-1056594, 13090, -504724; 13090, -160, 6252; -504724, 6252, -241101],[22, 2, 1],[4458, 3216, 443, 383, 1922, -26, -153, 197; -4081, -2959, -410, -356, -1793, 22, 143, -178; -9438, -6809, -938, -811, -4070, 55, 324, -417],11,7]
[[-22, -121, -22; -121, -660, -121; -22, -121, -21],[11, 11, 1],[22, 29, 39, 30, 6, -1, -11, 26; -1, -2, -4, -4, -1, 0, 2, 0; -21, -23, -22, -11, -1, 1, 0, -33],11,8]
[[12163536, -1404788, -3361556; -1404788, 162248, 388232; -3361556, 388232, 929011],[44, 4, 1],[29273, 16081, 2846, 1626, 2737, -76, 64, 4194; -440, -242, -43, -25, -44, 0, -1, -63; 106106, 58289, 10316, 5894, 9922, -275, 232, 15202],11,9]
[[8888, 4444, -2288; 4444, 2220, -1144; -2288, -1144, 589],[44, 4, 1],[-412, -457, -41, -11, -28, 17, 1, -29; 99, 110, 10, 3, 11, 0, 0, 7; -1408, -1562, -140, -37, -88, 66, 4, -99],11,10]
[[-1655170, -138578, -755832; -138578, -11561, -63283; -755832, -63283, -345150],[22, 11, 1],[2116, 3067, 2336, 4055, 928, -23, -814, 2033; -168, -242, -183, -316, -72, 2, 63, -164; -4603, -6672, -5082, -8822, -2019, 50, 1771, -4422],11,11]
[[-12980, -968, 748; -968, -66, 55; 748, 55, -43],[44, 11, 1],[7, 17, 10, 13, 1, -1, -2, 19; 11, 30, 21, 32, 3, -2, -7, 24; 133, 328, 198, 264, 21, -20, -44, 352],11,12]
[[86724, -4675726, -2227126; -4675726, 252108758, 120083590; -2227126, 120083590, 57197809],[22, 22, 1],[259, 146, 151, 96, 35, 1, -4, 198; -32882, -18496, -19027, -11939, -4250, -70, 461, -25193; 69044, 38837, 39952, 25069, 8924, 147, -968, 52899],11,13]
[[8932, 11660, -1188; 11660, 15224, -1551; -1188, -1551, 158],[44, 11, 1],[-27, -23, -4, 3, 1, -3, -9, -55; 94, 84, 20, 0, -2, 8, 26, 184; 716, 648, 165, 22, -12, 56, 187, 1386],11,14]
[[-892936, 3784, 20768; 3784, -16, -88; 20768, -88, -483],[88, 8, 1],[-46, -21, -1, 0, 2, -1, -1, -4; 1133, 440, 4, -11, -11, 121, 47, 113; -2200, -990, -44, 2, 88, -66, -52, -194],11,15]
[[-440, 7656, -968; 7656, -121040, 15304; -968, 15304, -1935],[88, 8, 1],[-46, -21, -1, 0, 2, -1, -1, -2; 2101, 803, 4, -11, -11, 242, 91, 106; 16632, 6358, 32, -87, -88, 1914, 720, 839],11,16]
[[-324104, -165440, 5280; -165440, -84447, 2695; 5280, 2695, -86],[88, 11, 1],[-4, -13, -11, -19, -2, 1, 5, -5; 22, 60, 42, 64, 6, -4, -14, 48; 441, 1076, 638, 836, 65, -64, -132, 1188],11,17]
[[-43560, 1232, 704; 1232, -33, -22; 704, -22, -9],[88, 11, 1],[7, 17, 5, 13, 1, -1, -1, 19; 167, 404, 118, 304, 23, -24, -23, 456; 133, 328, 99, 264, 21, -20, -22, 352],11,18]
[[88, 220, -88; 220, -10208, 2992; -88, 2992, -871],[44, 44, 1],[260, 127, 175, 39, -8, -1, 77, 465; 287, 141, 198, 46, -9, -2, 80, 510; 954, 469, 660, 154, -30, -7, 264, 1694],11,19]
[[1364, -8228, 2288; -8228, 52360, -14564; 2288, -14564, 4051],[44, 44, 1],[-17, -18, -16, -4, -1, 0, -2, -14; -430, -463, -431, -120, -38, -5, -37, -348; -1536, -1654, -1540, -429, -136, -18, -132, -1243],11,20]
[[-176, 616, -176; 616, -1496, 440; -176, 440, -129],[88, 88, 1],[23, 10, 4, -1, -1, 1, 7, 23; -94, -39, -11, 6, 2, -7, -35, -98; -360, -150, -44, 22, 8, -26, -132, -374],11,21]
[[-363440, 3642584, -992728; 3642584, -36506888, 9949368; -992728, 9949368, -2711541],[88, 88, 1],[77, 34, 15, -1, -3, 3, 22, 38; 4922, 2085, 697, -141, -166, 293, 1681, 2519; 18032, 7638, 2552, -517, -608, 1074, 6160, 9229],11,22]
[[-14425996, 261508, 523016; 261508, -4740, -9481; 523016, -9481, -18962],[52, 1, 1],[-1159, -2351, -258, -31, 41, 115, 0, -55; -130, -312, -38, -10, -26, 0, 2, -2; -31902, -64688, -7097, -850, 1144, 3172, -1, -1516],12,1]
[[5304, 104, 2080; 104, -9, -65; 2080, -65, -198],[104, 1, 1],[-412, -1893, -225, -26, -56, 21, 9, -10; -19344, -88868, -10562, -1220, -2626, 988, 422, -470; 2015, 9256, 1100, 127, 273, -104, -44, 49],12,2]
[[-2600, -2600, 1352; -2600, -2574, 1325; 1352, 1325, -675],[104, 1, 1],[-150, -25, 13, 2, -461, -2419, -154, -49; 299, 52, -26, -5, 897, 4732, 302, 97; 286, 52, -25, -6, 832, 4420, 283, 92],12,3]
[[13, 0, 0; 0, 0, -1; 0, -1, 0],[13, 1, 1],[-1, 1, 0, -1, -25, -53, -12, -1; 0, 0, -1, -2, -39, -78, -17, -1; -13, 0, 1, -3, -104, -234, -55, -6],12,4]
[[246506, 0, 15002; 0, 1, -1; 15002, -1, 914],[26, 1, 1],[526, 1177, 138, 30, 72, 19, 0, 16; -8710, -19500, -2287, -498, -1196, -312, 1, -264; -8645, -19344, -2268, -493, -1183, -312, 0, -263],12,5]
[[-373204, 15860, 6188; 15860, -674, -263; 6188, -263, -99],[52, 1, 1],[-412, -1893, -225, -26, -56, 21, 9, -10; -9672, -44434, -5281, -610, -1313, 494, 211, -235; -65, -312, -38, -5, -13, 0, 2, -1],12,6]
[[-4032158, 276510, -1877824; 276510, -18960, 128774; -1877824, 128774, -874525],[26, 2, 1],[15676, 15887, 3485, 416, -570, -781, 1, 746; -65, -78, -19, -5, -13, 0, 1, -1; -33670, -34125, -7486, -894, 1222, 1677, -2, -1602],12,7]
[[-481, -325, 286; -325, -156, 195; 286, 195, -170],[13, 13, 1],[19, -3, -40, 39, 131, 303, 940, 111; -1, 0, 2, -1, -5, -12, -38, -5; 31, -5, -65, 65, 216, 499, 1547, 182],12,8]
[[460824, 218244, 115648; 218244, 103396, 54772; 115648, 54772, 29023],[52, 4, 1],[8537, 19049, 4459, 479, 1122, 269, -1, 264; 1703, 3796, 888, 95, 221, 52, 0, 53; -37232, -83070, -19444, -2088, -4888, -1170, 4, -1152],12,9]
[[68544528, 52, 15594384; 52, 8, 12; 15594384, 12, 3547837],[52, 4, 1],[-46381, -51891, -24336, -2645, -6347, -837, 0, -1411; -4355, -4875, -2287, -249, -598, -78, 1, -132; 203866, 228085, 106968, 11626, 27898, 3679, 0, 6202],12,10]
[[-1581658, -441532, -763958; -441532, -123253, -213265; -763958, -213265, -369000],[26, 13, 1],[1189, 2423, 3468, 433, -35, -115, -6, 721; -136, -274, -389, -44, 6, 14, -1, -86; -2383, -4858, -6955, -871, 69, 230, 13, -1443],12,11]
[[-114452, -52988, 4212; -52988, -24531, 1950; 4212, 1950, -155],[52, 13, 1],[0, 1, -1, -6, -10, -41, -59, -4; 2, -2, -3, 12, 27, 118, 177, 17; 25, 2, -65, -13, 66, 362, 611, 104],12,12]
[[23764, -779454, -374738; -779454, 25652874, 12333100; -374738, 12333100, 5929369],[26, 26, 1],[-665, -744, -2268, -493, -91, -12, 0, -263; 29374, 32874, 100231, 21810, 4028, 528, -25, 11592; -61140, -68425, -208624, -45396, -8384, -1099, 52, -24128],12,13]
[[-105820, -103324, 8268; -103324, -100880, 8073; 8268, 8073, -646],[52, 13, 1],[9, -5, -5, 65, 139, 301, 449, 83; -2, 0, 2, -2, -10, -24, -38, -10; 90, -64, -39, 806, 1652, 3548, 5265, 936],12,14]
[[-356720, -13624, 624; -13624, -520, 24; 624, 24, -1],[104, 8, 1],[-1, -6, -2, -1, 1, 6, 2, 1; 52, 169, 53, 24, -26, -143, -47, -22; 416, 130, -12, -48, 0, 286, 108, 80],12,15]
[[-486512, 19032, 18200; 19032, -728, -704; 18200, -704, -677],[104, 8, 1],[261, 240, 49, 1, -27, -6, 5, 17; -6760, -6227, -1273, -28, 702, 169, -125, -438; 14040, 12922, 2640, 56, -1456, -338, 264, 912],12,16]
[[-1829672, 4992, 23816; 4992, -13, -65; 23816, -65, -310],[104, 13, 1],[0, -1, 1, 6, 10, 41, 59, 4; 4, -4, -6, 24, 54, 236, 354, 34; -1, -76, 78, 455, 755, 3092, 4446, 299],12,17]
[[-229320, 3224, 1664; 3224, -39, -26; 1664, -26, -11],[104, 13, 1],[12, 53, 40, 8, 1, -1, -1, 5; 379, 1672, 1261, 251, 31, -32, -31, 159; 911, 4028, 3042, 611, 77, -76, -78, 377],12,18]
[[884, -5096, -1196; -5096, 93028, 21372; -1196, 21372, 4911],[52, 52, 1],[-24, -1, -13, -138, -289, -625, -1865, -175; 131, 5, 71, 757, 1584, 3425, 10219, 958; -576, -22, -312, -3328, -6964, -15058, -44928, -4212],12,19]
[[104, 988, 208; 988, 334464, 74152; 208, 74152, 16441],[52, 52, 1],[-61, -1, 1, -287, -640, -700, -4207, -414; 123, 2, 0, 583, 1297, 1418, 8520, 837; -554, -9, 0, -2626, -5842, -6387, -38376, -3770],12,20]
[[-624, -20072, -9776; -20072, -614536, -299312; -9776, -299312, -145781],[104, 104, 1],[1, 0, -4, -11, -13, -12, -32, -1; 74, -75, -633, -962, -884, -735, -1797, 152; -152, 154, 1300, 1976, 1816, 1510, 3692, -312],12,21]
[[-65624, -72176, -33488; -72176, -79352, -36816; -33488, -36816, -17081],[104, 104, 1],[-3, 2, 21, 37, 37, 32, 81, -3; 25, -25, -212, -323, -297, -247, -604, 51; -48, 50, 416, 624, 568, 470, 1144, -104],12,22]
[[-572, -260, 52; -260, -118, 25; 52, 25, 6],[52, 1, 1],[17, 7, -6, -13, -6, 19; -36, -15, 13, 28, 13, -39; 0, 2, 0, -4, -3, -13],13,1]
[[78, -13, 0; -13, 2, 0; 0, 0, 1],[13, 1, 1],[0, 0, -10, -2, -1, -3; 0, 1, -65, -14, -8, -26; 1, 0, -26, -5, -2, 0],13,2]
[[-13, -26, 0; -26, 39, 13; 0, 13, 2],[13, 13, 1],[3, 3, -1, -5, -4, 0; -2, -3, -1, 0, 2, 0; 13, 13, -1, -13, -13, 1],13,3]
[[240760, -10660, 60528; -10660, 472, -2680; 60528, -2680, 15217],[52, 4, 1],[25, -1, -25, 3, 29, 389; -43, 0, 26, -6, -49, -663; -107, 4, 104, -13, -124, -1664],13,4]
[[52, 0, 0; 0, -26, 13; 0, 13, -6],[52, 13, 1],[-5, -1, 0, 1, 0, -1; -16, 1, 1, 0, -5, -5; -52, 0, 2, 0, -13, -15],13,5]
[[312, -676, -156; -676, 1560, 364; -156, 364, 85],[52, 52, 1],[-5, -2, 0, 0, -3, -5; -11, -1, -1, -3, -13, -13; 39, 0, 4, 13, 52, 48],13,6]
[[-25256, 392, 672; 392, -6, -11; 672, -11, -14],[56, 1, 1],[-2, 11, 1, -1; -105, 560, 52, -51; -14, 84, 7, -8],14,1]
[[14, 0, 0; 0, 0, -1; 0, -1, 0],[14, 1, 1],[-1, 1, 0, -1; 0, 0, -1, -2; -7, 0, 1, -3],14,2]
[[-10472, 378, -4956; 378, -12, 178; -4956, 178, -2345],[14, 2, 1],[38, -54, -19, 20; -49, 63, 24, -23; -84, 119, 42, -44],14,3]
[[-17318, -1428, -7546; -1428, -98, -623; -7546, -623, -3288],[14, 7, 1],[25, -65, -86, 83; -2, 6, 7, -8; -57, 148, 196, -189],14,4]
[[532, -25214, -11648; -25214, 1206184, 557214; -11648, 557214, 257413],[14, 14, 1],[1, 2, 2, 1; -24, -127, -291, -194; 52, 275, 630, 420],14,5]
[[-280, 112, 56; 112, -42, -21; 56, -21, -10],[56, 7, 1],[0, 1, 0, -1; -1, 4, 3, -3; 2, -4, -7, 0],14,6]
[[-9968, -1512, 224; -1512, -112, 32; 224, 32, -5],[56, 8, 1],[-9, 8, 4, -3; -7, 7, 3, -3; -448, 406, 200, -152],14,7]
[[-336, 280, -56; 280, 112, 0; -56, 0, -3],[56, 56, 1],[-1, 1, 3, -3; 2, -3, -7, 8; 16, -22, -56, 56],14,8]
[[-324180, -9360, 3600; -9360, -66, 69; 3600, 69, -34],[180, 3, 1],[-5, 9, 3, -4; -138, 250, 83, -111; -810, 1460, 486, -649],15,1]
[[-30, 15, 0; 15, -7, 0; 0, 0, 1],[15, 1, 1],[0, 2, -1, -3; 0, 5, -3, -8; 1, 0, -3, 0],15,2]
[[-19380, -7260, 900; -7260, -2694, 323; 900, 323, -34],[60, 1, 1],[11, -61, -20, 27; -38, 210, 69, -93; -70, 380, 126, -169],15,3]
[[-3555, -180, 540; -180, -3, 27; 540, 27, -82],[45, 3, 1],[-4, 3, 4, -3; -3, 0, 2, -1; -27, 20, 27, -20],15,4]
[[-96285, -12240, 33720; -12240, -1554, 4287; 33720, 4287, -11809],[15, 3, 1],[-27, 74, 29, -68; 14, -45, -16, 39; -72, 195, 77, -180],15,5]
[[-21435, -2970, 10065; -2970, -410, 1395; 10065, 1395, -4726],[15, 5, 1],[13, -9, -46, 38; -9, 4, 27, -20; 25, -18, -90, 75],15,6]
[[-9270, -315, 495; -315, -3, 15; 495, 15, -26],[45, 3, 1],[1, -2, -3, 2; 5, -15, -16, 12; 22, -45, -66, 45],15,7]
[[13860, -60, -480; -60, -18, 9; -480, 9, 14],[60, 3, 1],[5, 1, -2, 1; 52, 10, -21, 10; 138, 30, -55, 27],15,8]
[[2415, -4590, 945; -4590, 8835, -1815; 945, -1815, 373],[15, 15, 1],[-9, -4, 0, -7; 20, 9, 1, 18; 120, 54, 5, 105],15,9]
[[20078520, -449700, -5223720; -449700, 10072, 116996; -5223720, 116996, 1359027],[60, 4, 1],[-37, -51, 19, -41; -49, -70, 12, -65; -138, -190, 72, -152],15,10]
[[-55140, 16920, -900; 16920, -5190, 275; -900, 275, -14],[60, 5, 1],[-9, 5, 16, -10; -32, 18, 57, -36; -50, 32, 90, -65],15,11]
[[-16020, 360, 180; 360, 42, -3; 180, -3, -2],[180, 3, 1],[1, 1, -1, 1; -2, 0, 2, -3; 92, 90, -93, 90],15,12]
[[-14895, 2880, 855; 2880, -555, -165; 855, -165, -49],[45, 15, 1],[0, -1, -1, 2; 3, 3, -5, -3; -10, -27, 0, 45],15,13]
[[-899865, -4545, 26730; -4545, -15, 135; 26730, 135, -794],[45, 15, 1],[-4, 3, 4, -15; -3, 0, 2, -1; -135, 101, 135, -505],15,14]
[[924840, -82020, -249240; -82020, 7272, 22104; -249240, 22104, 67169],[60, 12, 1],[-8, -137, -15, 68; 1, 5, 1, 1; -30, -510, -56, 252],15,15]
[[2580, 3180, -660; 3180, 3690, -735; -660, -735, 142],[60, 15, 1],[-35, -1, 14, -8; 72, 2, -29, 16; 210, 6, -85, 45],15,16]
[[285960, 60060, 31560; 60060, 12680, 6580; 31560, 6580, 3519],[60, 20, 1],[24, -9, -335, -218; -67, 25, 933, 607; -90, 34, 1260, 820],15,17]
[[944821080, -11048220, 230823540; -11048220, 129192, -2699124; 230823540, -2699124, 56391107],[180, 12, 1],[409, 193, -47, 169; 3, 0, -8, -5; -1674, -790, 192, -692],15,18]
[[11022120, 16020, 2691540; 16020, 24, 3912; 2691540, 3912, 657259],[180, 12, 1],[21, -22, 0, 211; 0, 15, 1, -12; -86, 90, 0, -864],15,19]
[[-2340, 720, -900; 720, 210, 285; -900, 285, -346],[180, 15, 1],[-39, -7, 41, -35; -2, 0, 2, -3; 100, 18, -105, 90],15,20]
[[-147780, -7560, 1440; -7560, -330, 75; 1440, 75, -14],[180, 15, 1],[-5, 1, 3, -2; 12, -2, -7, 4; -450, 92, 270, -185],15,21]
[[69240, -336660, 87540; -336660, 1636920, -425640; 87540, -425640, 110677],[60, 60, 1],[1, -7, -1, 35; 8, -3, 5, 54; 30, -6, 20, 180],15,22]
[[19587240, -48060, -4890060; -48060, 120, 12000; -4890060, 12000, 1220831],[180, 60, 1],[-57, 58, 0, -803; 171, -171, 1, 2397; -230, 234, 0, -3240],15,23]
[[21886920, -183780, -5479200; -183780, 1560, 46020; -5479200, 46020, 1371679],[180, 60, 1],[22, -21, -381, -254; -63, 63, 1135, 757; 90, -86, -1560, -1040],15,24]
[[-22020, 360, 240; 360, -4, -5; 240, -5, -2],[60, 1, 1],[-1, -1, 3, 1, 1; -28, -30, 80, 28, 30; -50, -48, 150, 49, 45],16,1]
[[9960, 3240, -120; 3240, 1054, -39; -120, -39, 1],[120, 1, 1],[9, -1, -13, 0, 29; -28, 3, 40, 0, -90; -8, 0, 0, -1, -30],16,2]
[[-126840, -3360, 600; -3360, -89, 16; 600, 16, -1],[120, 1, 1],[-3, -2, 7, 3, 2; 112, 75, -260, -112, -75; -8, -3, 20, 6, 0],16,3]
[[30, -15, 0; -15, 7, 0; 0, 0, 1],[15, 1, 1],[0, 1, -4, -3, -11; 0, 3, -10, -8, -30; 1, 0, -5, -2, 0],16,4]
[[510, 240, 330; 240, 113, 155; 330, 155, 214],[30, 1, 1],[-1, -2, -11, -2, -7; 2, 0, 10, 3, 15; 0, 3, 10, 1, 0],16,5]
[[-780, -360, 60; -360, -166, 29; 60, 29, 7],[60, 1, 1],[-15, -7, 19, 8, -7; 32, 15, -40, -17, 15; -4, -3, 0, 2, 0],16,6]
[[165, 15, -75; 15, -3, -6; -75, -6, 34],[15, 3, 1],[4, 1, -34, -18, -12; 1, 0, -5, -2, 0; 9, 2, -75, -39, -25],16,7]
[[-15270, 570, -7530; 570, -16, 280; -7530, 280, -3713],[30, 2, 1],[17, 32, -51, -33, -29; -7, -15, 20, 14, 15; -35, -66, 105, 68, 60],16,8]
[[105, -90, -45; -90, 35, 35; -45, 35, 19],[15, 5, 1],[7, 5, -11, -29, -11; -2, -3, 4, 12, 6; 20, 15, -32, -85, -33],16,9]
[[-19830, 780, -6510; 780, -24, 255; -6510, 255, -2137],[30, 3, 1],[29, 9, -87, -28, -8; -14, -5, 40, 14, 5; -90, -28, 270, 87, 25],16,10]
[[-29130, 1200, -5730; 1200, -40, 235; -5730, 235, -1127],[30, 5, 1],[25, 23, -15, -24, -4; -14, -15, 8, 14, 3; -130, -120, 78, 125, 21],16,11]
[[2460, -120, -60; -120, 6, 3; -60, 3, 1],[60, 3, 1],[-1, 0, 1, 0, -1; -16, 0, 20, 1, -15; -12, -1, 0, 0, -10],16,12]
[[-6060, -180, 240; -180, 6, 3; 240, 3, -8],[60, 3, 1],[-1, 1, 7, 0, -2; -14, 12, 90, 1, -25; -36, 34, 240, 0, -70],16,13]
[[1790340, -34770, 858870; -34770, 678, -16680; 858870, -16680, 412021],[30, 6, 1],[36, 71, 511, 167, 168; 1, 0, 5, 3, 5; -75, -148, -1065, -348, -350],16,14]
[[30, -30, -15; -30, 15, 15; -15, 15, 8],[15, 15, 1],[0, -2, 2, 11, 3; 1, 1, -3, -10, -2; 0, -5, 6, 30, 8],16,15]
[[424920, -16020, -105780; -16020, 604, 3988; -105780, 3988, 26333],[60, 4, 1],[-4, -38, -33, 1, 31; -7, -57, -50, 0, 30; -15, -144, -125, 4, 120],16,16]
[[526080, -21780, -141060; -21780, 904, 5840; -141060, 5840, 37823],[60, 4, 1],[-8, -37, -158, -46, -112; 1, 0, 5, 3, 15; -30, -138, -590, -172, -420],16,17]
[[2220, 600, -180; 600, 140, -45; -180, -45, 14],[60, 5, 1],[-3, -1, 1, 1, -1; -16, -6, 4, 4, -6; -90, -30, 26, 25, -33],16,18]
[[1579740, -42150, 751830; -42150, 1130, -20060; 751830, -20060, 357811],[30, 10, 1],[50, 257, 129, 219, 140; 1, 0, 1, 3, 3; -105, -540, -271, -460, -294],16,19]
[[420, -120, 0; -120, 35, 0; 0, 0, -1],[60, 5, 1],[1, -1, -1, 0, 1; 4, -3, -4, -1, 3; 0, 0, -4, -5, -3],16,20]
[[-217320, 1200, 2040; 1200, -3, -12; 2040, -12, -19],[120, 3, 1],[1, 1, 7, -1, -1; 16, 19, 140, -18, -20; 96, 95, 660, -96, -95],16,21]
[[120, 0, 120; 0, -6, -27; 120, -27, -1],[120, 3, 1],[1, -2, -9, 2, 9; 4, -9, -40, 9, 40; 0, 2, 0, -3, -10],16,22]
[[1564590, 51390, -456360; 51390, 1695, -14985; -456360, -14985, 133114],[30, 15, 1],[-75, -64, -193, -164, -35; 152, 128, 388, 331, 71; -240, -205, -618, -525, -112],16,23]
[[-2040, 0, -120; 0, 5, 0; -120, 0, -7],[120, 5, 1],[1, -1, -1, 0, 1; 4, 3, 0, -1, 0; -20, 15, 16, 0, -18],16,24]
[[8040, 2520, -240; 2520, 790, -75; -240, -75, 7],[120, 5, 1],[-5, -1, 1, 1, -1; 16, 3, -4, -4, 3; 0, 0, -8, -10, -3],16,25]
[[-1560, 60, 420; 60, 228, -12; 420, -12, -113],[60, 12, 1],[12, 15, 4, -29, -11; -1, -1, 0, 2, 0; 45, 56, 15, -108, -40],16,26]
[[269160, -22140, -72360; -22140, 1824, 5952; -72360, 5952, 19453],[60, 12, 1],[-5, -6, -121, -45, -43; -2, -1, 0, 2, 0; -18, -22, -450, -168, -160],16,27]
[[60, -60, -60; -60, 30, 15; -60, 15, -7],[60, 15, 1],[-1, 2, 5, 0, -1; -4, 6, 16, 1, -3; 0, -5, -12, 0, 2],16,28]
[[-2460, 1980, 360; 1980, -1560, -285; 360, -285, -52],[60, 15, 1],[3, -1, -1, 1, 1; -2, 6, 2, -7, -3; 30, -40, -18, 45, 23],16,29]
[[-4383660, -2611530, -1073790; -2611530, -1555770, -639690; -1073790, -639690, -263023],[30, 30, 1],[-7, -5, 4, 14, 1; 573, 362, -341, -1109, -65; -1365, -860, 813, 2640, 154],16,30]
[[-75480, -3600, 1200; -3600, -152, 56; 1200, 56, -19],[120, 8, 1],[-1, -1, 2, 2, 1; -5, -3, 10, 9, 0; -78, -72, 155, 152, 60],16,31]
[[120, 0, 120; 0, -8, -40; 120, -40, -79],[120, 8, 1],[-1, -1, 9, 4, 1; -5, -3, 45, 19, 0; 1, 0, -10, -4, 0],16,32]
[[-840, -60, -180; -60, 140, -120; -180, -120, 41],[60, 20, 1],[4, 16, -5, -37, -19; -11, -45, 14, 104, 54; -15, -60, 19, 140, 72],16,33]
[[152880, 8220, 34560; 8220, 440, 1860; 34560, 1860, 7811],[60, 20, 1],[8, 41, 6, -22, -20; -23, -132, -19, 73, 69; -30, -150, -22, 80, 72],16,34]
[[120, 0, 120; 0, -15, -60; 120, -60, -119],[120, 15, 1],[1, 5, 11, -1, -1; 0, 19, 44, -2, -4; 0, -5, -12, 0, 1],16,35]
[[6360, 3480, -360; 3480, 1695, -180; -360, -180, 19],[120, 15, 1],[1, -1, -1, 1, 1; 4, -7, -8, 6, 6; 60, -85, -96, 75, 76],16,36]
[[2760, 240, 1200; 240, -24, 48; 1200, 48, 451],[120, 24, 1],[1, 13, 29, -4, -13; 4, 51, 115, -15, -50; -3, -40, -90, 12, 40],16,37]
[[-216840, -32520, 1920; -32520, -4848, 288; 1920, 288, -17],[120, 24, 1],[0, 2, 2, -1, -3; -1, -1, 0, 1, 0; -18, 208, 225, -96, -340],16,38]
[[4020, 7980, -2040; 7980, 15960, -4080; -2040, -4080, 1043],[60, 60, 1],[-1, -1, 0, 2, 0; 12, 21, 10, -1, 1; 45, 80, 39, 0, 4],16,39]
[[1680, 10260, -2760; 10260, 62880, -16920; -2760, -16920, 4553],[60, 60, 1],[17, 2, 1, 5, 7; -27, -3, -5, -17, -13; -90, -10, -18, -60, -44],16,40]
[[240, -120, 0; -120, -4120, 360; 0, 360, -31],[120, 40, 1],[-3, -1, 1, 4, -1; -6, 0, 2, 7, -3; -70, 0, 23, 80, -36],16,41]
[[240, -120, 0; -120, -520, 80; 0, 80, -11],[120, 40, 1],[-1, -1, 1, 2, -1; -2, 0, 2, 3, -3; -15, 0, 14, 20, -24],16,42]
[[9960, 27600, -480; 27600, 75720, -1320; -480, -1320, 23],[120, 120, 1],[1, -1, -1, 0, 1; 2, -1, -1, 1, 2; 135, -80, -78, 60, 136],16,43]
[[-240, 14280, -360; 14280, -814440, 20520; -360, 20520, -517],[120, 120, 1],[9, -1, -1, 1, 4; 10, 2, -1, -3, 3; 390, 80, -39, -120, 116],16,44]
[[-18654660, 443520, 38700; 443520, -10542, -921; 38700, -921, -80],[180, 3, 1],[-53, 3, 13, 2, -10, -21; -1750, 100, 429, 65, -331, -694; -5490, 300, 1350, 220, -1026, -2168],17,1]
[[-116280, -4680, -5040; -4680, -186, -201; -5040, -201, -217],[360, 3, 1],[-2, -1, 1, 1, 0, -1; -145, -40, 72, 50, -10, -88; 180, 60, -90, -70, 9, 104],17,2]
[[-1572120, -310680, 109800; -310680, -61395, 21696; 109800, 21696, -7663],[360, 3, 1],[-219, 43, 44, -14, -113, -195; 1315, -260, -264, 85, 680, 1172; 585, -120, -117, 40, 306, 524],17,3]
[[15, 0, 0; 0, 0, -1; 0, -1, 0],[15, 1, 1],[-1, 1, 0, -2, -2, -1; 0, 0, -1, -5, -3, -1; -15, 0, 1, -5, -9, -7],17,4]
[[30, 0, 30; 0, 168, -2003; 30, -2003, 23911],[30, 1, 1],[179, 1, 1, 64, 74, 97; -2145, 0, -12, -775, -894, -1168; -180, 0, -1, -65, -75, -98],17,5]
[[-1740, 60, 480; 60, -2, -15; 480, -15, -97],[60, 1, 1],[7, 1, -1, -1, 2, 5; 315, 30, -45, -35, 99, 232; -15, 0, 2, 0, -6, -12],17,6]
[[-302340, 120180, 5040; 120180, -47762, -2003; 5040, -2003, -84],[60, 1, 1],[-1, 1, 0, -1, -1, -1; 180, 0, -13, -5, 33, 70; -4350, 60, 310, 60, -846, -1728],17,7]
[[-817080, 960, 12600; 960, -1, -15; 12600, -15, -194],[120, 1, 1],[7, 1, -1, -1, 1, 5; 630, 60, -90, -70, 99, 464; 405, 60, -58, -60, 57, 288],17,8]
[[-3480, -3480, 1800; -3480, -3450, 1769; 1800, 1769, -899],[120, 1, 1],[-203, -29, 15, 17, -55, -143; 405, 60, -30, -35, 108, 284; 390, 60, -29, -35, 102, 272],17,9]
[[-8460, -1305, -135; -1305, -201, -21; -135, -21, -2],[45, 3, 1],[-6, 1, 2, -2, -4, -3; 35, -5, -12, 10, 22, 17; 30, -15, -9, 25, 33, 20],17,10]
[[-765630, 63630, 11070; 63630, -5271, -921; 11070, -921, -160],[90, 3, 1],[-53, 3, 13, 2, -10, -21; -160, 10, 39, 5, -31, -64; -2745, 150, 675, 110, -513, -1084],17,11]
[[-58140, -2340, -2700; -2340, -93, -108; -2700, -108, -125],[180, 3, 1],[-2, -1, 1, 1, 0, -1; -55, -10, 27, 15, -11, -36; 90, 30, -45, -35, 9, 52],17,12]
[[-2955, 135, 1320; 135, -6, -60; 1320, -60, -589],[15, 3, 1],[-7, 2, 2, -12, -6, -12; 40, -5, -15, 25, 23, 56; -20, 5, 6, -30, -16, -33],17,13]
[[-680340, 180270, -332610; 180270, -47762, 88132; -332610, 88132, -162609],[30, 2, 1],[2189, -22, -155, -16, 437, 439; 180, 0, -13, -5, 33, 35; -4380, 45, 310, 30, -876, -879],17,14]
[[-1365, 900, 570; 900, -560, -375; 570, -375, -238],[15, 5, 1],[47, -5, -30, 8, 128, 107; -3, 0, 2, 0, -6, -6; 117, -12, -75, 19, 315, 265],17,15]
[[-806310, 240360, -262050; 240360, -71643, 78117; -262050, 78117, -85166],[30, 3, 1],[728, -13, -155, -21, 144, 873; 60, 0, -13, -5, 11, 70; -2185, 40, 465, 60, -433, -2622],17,16]
[[-585, -270, 540; -270, -93, 150; 540, 150, -187],[45, 3, 1],[16, -71, -37, -239, -13, 14; -95, 425, 221, 1425, 77, -84; -30, 135, 70, 450, 24, -27],17,17]
[[-1088490, 360540, -211650; 360540, -119405, 70105; -211650, 70105, -41154],[30, 5, 1],[436, -7, -155, -5, 428, 869; 36, 0, -13, -1, 33, 70; -2181, 36, 775, 24, -2145, -4350],17,18]
[[-19380, 360, 780; 360, -6, -15; 780, -15, -31],[60, 3, 1],[2, 1, -1, -3, 0, 3; 30, 10, -15, -35, 3, 52; 35, 20, -18, -60, -2, 48],17,19]
